Title= "LBM Lid Driven Flow"
VARIABLES="X","Y","u","v"
ZONE T="BOX",I=55,J=55,F=POINT
0 0 0 0
1 0 0 0
2 0 0 0
3 0 0 0
4 0 0 0
5 0 0 0
6 0 0 0
7 0 0 0
8 0 0 0
9 0 0 0
10 0 0 0
11 0 0 0
12 0 0 0
13 0 0 0
14 0 0 0
15 0 0 0
16 0 0 0
17 0 0 0
18 0 0 0
19 0 0 0
20 0 0 0
21 0 0 0
22 0 0 0
23 0 0 0
24 0 0 0
25 0 0 0
26 0 0 0
27 0 0 0
28 0 0 0
29 0 0 0
30 0 0 0
31 0 0 0
32 0 0 0
33 0 0 0
34 0 0 0
35 0 0 0
36 0 0 0
37 0 0 0
38 0 0 0
39 0 0 0
40 0 0 0
41 0 0 0
42 0 0 0
43 0 0 0
44 0 0 0
45 0 0 0
46 0 0 0
47 0 0 0
48 0 0 0
49 0 0 0
50 0 0 0
51 0 0 0
52 0 0 0
53 0 0 0
54 0 0 0
0 1 0 0
1 1 -9.38475e-009 -2.45053e-008
2 1 -8.04429e-009 -2.66409e-008
3 1 -1.34919e-008 -2.0551e-008
4 1 -2.91484e-008 -1.13959e-008
5 1 -5.60556e-008 -1.40296e-009
6 1 -9.40712e-008 8.36746e-009
7 1 -1.42418e-007 1.73853e-008
8 1 -1.99961e-007 2.53835e-008
9 1 -2.65379e-007 3.22354e-008
10 1 -3.37243e-007 3.78934e-008
11 1 -4.14087e-007 4.23581e-008
12 1 -4.94449e-007 4.56582e-008
13 1 -5.76891e-007 4.78416e-008
14 1 -6.60022e-007 4.89691e-008
15 1 -7.42522e-007 4.91055e-008
16 1 -8.23141e-007 4.83233e-008
17 1 -9.00709e-007 4.66968e-008
18 1 -9.74155e-007 4.43003e-008
19 1 -1.04249e-006 4.12119e-008
20 1 -1.10484e-006 3.75057e-008
21 1 -1.16041e-006 3.32564e-008
22 1 -1.20853e-006 2.85387e-008
23 1 -1.24861e-006 2.34244e-008
24 1 -1.2802e-006 1.79848e-008
25 1 -1.30291e-006 1.22914e-008
26 1 -1.31649e-006 6.41472e-009
27 1 -1.32078e-006 4.23336e-010
28 1 -1.31573e-006 -5.61523e-009
29 1 -1.3014e-006 -1.16319e-008
30 1 -1.27794e-006 -1.75569e-008
31 1 -1.24562e-006 -2.33213e-008
32 1 -1.20482e-006 -2.88539e-008
33 1 -1.15601e-006 -3.40844e-008
34 1 -1.09977e-006 -3.89394e-008
35 1 -1.03679e-006 -4.33431e-008
36 1 -9.67848e-007 -4.72209e-008
37 1 -8.93842e-007 -5.0496e-008
38 1 -8.15755e-007 -5.309e-008
39 1 -7.3467e-007 -5.49231e-008
40 1 -6.51755e-007 -5.59176e-008
41 1 -5.68263e-007 -5.59954e-008
42 1 -4.85524e-007 -5.50819e-008
43 1 -4.04925e-007 -5.31055e-008
44 1 -3.27902e-007 -5.00018e-008
45 1 -2.55923e-007 -4.57203e-008
46 1 -1.90445e-007 -4.02259e-008
47 1 -1.32889e-007 -3.35144e-008
48 1 -8.45643e-008 -2.56285e-008
49 1 -4.65804e-008 -1.66924e-008
50 1 -1.96804e-008 -6.97458e-009
51 1 -3.96295e-009 2.99344e-009
52 1 1.64595e-009 1.21747e-008
53 1 4.41826e-010 1.8493e-008
54 1 0 1.7603e-008
0 2 0 0
1 2 -1.64162e-008 -3.22611e-008
2 2 -2.74867e-008 -3.17525e-008
3 2 -5.03427e-008 -1.43792e-008
4 2 -8.98796e-008 1.08145e-008
5 2 -1.48093e-007 3.87587e-008
6 2 -2.25113e-007 6.65893e-008
7 2 -3.19912e-007 9.26665e-008
8 2 -4.30743e-007 1.16051e-007
9 2 -5.55428e-007 1.36216e-007
10 2 -6.91531e-007 1.52894e-007
11 2 -8.3649e-007 1.65978e-007
12 2 -9.87703e-007 1.7547e-007
13 2 -1.14258e-006 1.81449e-007
14 2 -1.2986e-006 1.84044e-007
15 2 -1.45334e-006 1.83422e-007
16 2 -1.6045e-006 1.79775e-007
17 2 -1.74991e-006 1.73315e-007
18 2 -1.88759e-006 1.64268e-007
19 2 -2.01569e-006 1.52869e-007
20 2 -2.13257e-006 1.39357e-007
21 2 -2.23676e-006 1.23977e-007
22 2 -2.32698e-006 1.06976e-007
23 2 -2.40215e-006 8.85999e-008
24 2 -2.46138e-006 6.90961e-008
25 2 -2.50397e-006 4.87113e-008
26 2 -2.52944e-006 2.76925e-008
27 2 -2.5375e-006 6.28533e-009
28 2 -2.52803e-006 -1.5265e-008
29 2 -2.50116e-006 -3.67141e-008
30 2 -2.45718e-006 -5.78152e-008
31 2 -2.39659e-006 -7.83212e-008
32 2 -2.32009e-006 -9.7984e-008
33 2 -2.22859e-006 -1.16555e-007
34 2 -2.12316e-006 -1.33784e-007
35 2 -2.00511e-006 -1.49421e-007
36 2 -1.8759e-006 -1.63217e-007
37 2 -1.7372e-006 -1.7492e-007
38 2 -1.59084e-006 -1.84288e-007
39 2 -1.43884e-006 -1.9108e-007
40 2 -1.28336e-006 -1.95065e-007
41 2 -1.1267e-006 -1.96023e-007
42 2 -9.71308e-007 -1.93754e-007
43 2 -8.197e-007 -1.88087e-007
44 2 -6.74471e-007 -1.78881e-007
45 2 -5.38227e-007 -1.66053e-007
46 2 -4.13529e-007 -1.4959e-007
47 2 -3.02809e-007 -1.29587e-007
48 2 -2.08242e-007 -1.06302e-007
49 2 -1.31579e-007 -8.02486e-008
50 2 -7.38641e-008 -5.234e-008
51 2 -3.50338e-008 -2.41565e-008
52 2 -1.32982e-008 1.59747e-009
53 2 -4.25877e-009 2.02929e-008
54 2 0 2.40447e-008
0 3 0 0
1 3 -2.50789e-008 -3.00549e-008
2 3 -5.32973e-008 -1.89605e-008
3 3 -9.94236e-008 1.57789e-008
4 3 -1.6787e-007 6.26599e-008
5 3 -2.60654e-007 1.14257e-007
6 3 -3.77901e-007 1.65866e-007
7 3 -5.18387e-007 2.14533e-007
8 3 -6.7995e-007 2.58418e-007
9 3 -8.59811e-007 2.96408e-007
10 3 -1.0548e-006 3.2787e-007
11 3 -1.26153e-006 3.52493e-007
12 3 -1.4765e-006 3.70193e-007
13 3 -1.69621e-006 3.81048e-007
14 3 -1.91721e-006 3.85253e-007
15 3 -2.13616e-006 3.83088e-007
16 3 -2.34989e-006 3.74899e-007
17 3 -2.5554e-006 3.61078e-007
18 3 -2.74991e-006 3.42051e-007
19 3 -2.93085e-006 3.18273e-007
20 3 -3.09591e-006 2.90214e-007
21 3 -3.24304e-006 2.5836e-007
22 3 -3.37044e-006 2.23205e-007
23 3 -3.47659e-006 1.85247e-007
24 3 -3.56023e-006 1.4499e-007
25 3 -3.62038e-006 1.02937e-007
26 3 -3.65636e-006 5.95922e-008
27 3 -3.66774e-006 1.54629e-008
28 3 -3.65439e-006 -2.89452e-008
29 3 -3.61646e-006 -7.31272e-008
30 3 -3.55437e-006 -1.16575e-007
31 3 -3.46884e-006 -1.58783e-007
32 3 -3.36085e-006 -1.99242e-007
33 3 -3.23166e-006 -2.37445e-007
34 3 -3.08282e-006 -2.72886e-007
35 3 -2.91613e-006 -3.05061e-007
36 3 -2.73367e-006 -3.33469e-007
37 3 -2.53775e-006 -3.57621e-007
38 3 -2.33096e-006 -3.77036e-007
39 3 -2.11608e-006 -3.91255e-007
40 3 -1.89613e-006 -3.9984e-007
41 3 -1.67429e-006 -4.02391e-007
42 3 -1.45393e-006 -3.98552e-007
43 3 -1.23848e-006 -3.8803e-007
44 3 -1.03146e-006 -3.70621e-007
45 3 -8.36389e-007 -3.46233e-007
46 3 -6.56656e-007 -3.14934e-007
47 3 -4.95446e-007 -2.77017e-007
48 3 -3.55558e-007 -2.33091e-007
49 3 -2.39189e-007 -1.84233e-007
50 3 -1.47638e-007 -1.32214e-007
51 3 -8.09116e-008 -7.98579e-008
52 3 -3.72358e-008 -3.16035e-008
53 3 -1.25315e-008 5.65158e-009
54 3 0 2.13646e-008
0 4 0 0
1 4 -3.48512e-008 -1.65237e-008
2 4 -8.23146e-008 1.39585e-008
3 4 -1.54517e-007 7.28165e-008
4 4 -2.54623e-007 1.46937e-007
5 4 -3.84002e-007 2.27123e-007
6 4 -5.42388e-007 3.07076e-007
7 4 -7.28209e-007 3.82559e-007
8 4 -9.38892e-007 4.50771e-007
9 4 -1.17116e-006 5.09911e-007
10 4 -1.42126e-006 5.58889e-007
11 4 -1.68513e-006 5.97114e-007
12 4 -1.95857e-006 6.24362e-007
13 4 -2.23733e-006 6.40678e-007
14 4 -2.5172e-006 6.46311e-007
15 4 -2.7941e-006 6.41658e-007
16 4 -3.06411e-006 6.27235e-007
17 4 -3.32354e-006 6.03643e-007
18 4 -3.56893e-006 5.71552e-007
19 4 -3.79712e-006 5.31682e-007
20 4 -4.00521e-006 4.8479e-007
21 4 -4.19066e-006 4.3166e-007
22 4 -4.3512e-006 3.73096e-007
23 4 -4.48495e-006 3.09915e-007
24 4 -4.59033e-006 2.4294e-007
25 4 -4.66612e-006 1.73008e-007
26 4 -4.71146e-006 1.0095e-007
27 4 -4.72581e-006 2.7604e-008
28 4 -4.70902e-006 -4.61912e-008
29 4 -4.66126e-006 -1.19595e-007
30 4 -4.58308e-006 -1.9177e-007
31 4 -4.47535e-006 -2.61875e-007
32 4 -4.33932e-006 -3.29072e-007
33 4 -4.17657e-006 -3.92525e-007
34 4 -3.98902e-006 -4.51403e-007
35 4 -3.77893e-006 -5.04881e-007
36 4 -3.54887e-006 -5.5215e-007
37 4 -3.30176e-006 -5.92417e-007
38 4 -3.04077e-006 -6.24913e-007
39 4 -2.76938e-006 -6.48911e-007
40 4 -2.49129e-006 -6.63728e-007
41 4 -2.21045e-006 -6.68752e-007
42 4 -1.93095e-006 -6.63451e-007
43 4 -1.65701e-006 -6.47415e-007
44 4 -1.3929e-006 -6.20379e-007
45 4 -1.14285e-006 -5.82278e-007
46 4 -9.10918e-007 -5.33315e-007
47 4 -7.00905e-007 -4.74049e-007
48 4 -5.16123e-007 -4.05533e-007
49 4 -3.59203e-007 -3.29502e-007
50 4 -2.31811e-007 -2.48654e-007
51 4 -1.34341e-007 -1.67052e-007
52 4 -6.5594e-008 -9.0698e-008
53 4 -2.25176e-008 -2.83131e-008
54 4 0 7.6643e-009
0 5 0 0
1 5 -4.49627e-008 8.82039e-009
2 5 -1.12459e-007 6.78657e-008
3 5 -2.11912e-007 1.57956e-007
4 5 -3.44969e-007 2.64952e-007
5 5 -5.11982e-007 3.78376e-007
6 5 -7.1199e-007 4.90651e-007
7 5 -9.42879e-007 5.96404e-007
8 5 -1.20159e-006 6.91915e-007
9 5 -1.48435e-006 7.74687e-007
10 5 -1.78688e-006 8.4313e-007
11 5 -2.10454e-006 8.96335e-007
12 5 -2.43254e-006 9.33904e-007
13 5 -2.766e-006 9.55829e-007
14 5 -3.10009e-006 9.62395e-007
15 5 -3.4301e-006 9.54124e-007
16 5 -3.75149e-006 9.3171e-007
17 5 -4.05998e-006 8.95992e-007
18 5 -4.35155e-006 8.47912e-007
19 5 -4.62251e-006 7.88494e-007
20 5 -4.8695e-006 7.18823e-007
21 5 -5.08951e-006 6.40033e-007
22 5 -5.27994e-006 5.5329e-007
23 5 -5.43855e-006 4.59784e-007
24 5 -5.5635e-006 3.60722e-007
25 5 -5.65337e-006 2.57323e-007
26 5 -5.70712e-006 1.50813e-007
27 5 -5.72417e-006 4.24209e-008
28 5 -5.70429e-006 -6.66187e-008
29 5 -5.64772e-006 -1.7507e-007
30 5 -5.55507e-006 -2.817e-007
31 5 -5.4274e-006 -3.85275e-007
32 5 -5.26615e-006 -4.84565e-007
33 5 -5.07317e-006 -5.78345e-007
34 5 -4.85071e-006 -6.65401e-007
35 5 -4.60143e-006 -7.44537e-007
36 5 -4.32832e-006 -8.14574e-007
37 5 -4.03478e-006 -8.74371e-007
38 5 -3.72452e-006 -9.2283e-007
39 5 -3.40157e-006 -9.58912e-007
40 5 -3.07025e-006 -9.81663e-007
41 5 -2.7351e-006 -9.9023e-007
42 5 -2.40087e-006 -9.83899e-007
43 5 -2.07239e-006 -9.62132e-007
44 5 -1.75459e-006 -9.2462e-007
45 5 -1.45227e-006 -8.71347e-007
46 5 -1.1701e-006 -8.02681e-007
47 5 -9.12402e-007 -7.19491e-007
48 5 -6.82999e-007 -6.2331e-007
49 5 -4.85016e-007 -5.16552e-007
50 5 -3.20648e-007 -4.02814e-007
51 5 -1.90949e-007 -2.8728e-007
52 5 -9.56463e-008 -1.77256e-007
53 5 -3.30632e-008 -8.28401e-008
54 5 0 -1.7728e-008
0 6 0 0
1 6 -5.49466e-008 4.59126e-008
2 6 -1.42513e-007 1.4282e-007
3 6 -2.6947e-007 2.71454e-007
4 6 -4.35872e-007 4.1708e-007
5 6 -6.40868e-007 5.6833e-007
6 6 -8.82605e-007 7.16637e-007
7 6 -1.15827e-006 8.55686e-007
8 6 -1.4642e-006 9.8094e-007
9 6 -1.7961e-006 1.08925e-006
10 6 -2.14914e-006 1.17855e-006
11 6 -2.51819e-006 1.24759e-006
12 6 -2.89788e-006 1.29581e-006
13 6 -3.28282e-006 1.32311e-006
14 6 -3.66763e-006 1.32984e-006
15 6 -4.04705e-006 1.31664e-006
16 6 -4.41605e-006 1.28439e-006
17 6 -4.76982e-006 1.2342e-006
18 6 -5.10387e-006 1.1673e-006
19 6 -5.41407e-006 1.08505e-006
20 6 -5.69666e-006 9.88905e-007
21 6 -5.94827e-006 8.80391e-007
22 6 -6.16595e-006 7.61077e-007
23 6 -6.34721e-006 6.32577e-007
24 6 -6.48998e-006 4.96526e-007
25 6 -6.59266e-006 3.54581e-007
26 6 -6.65408e-006 2.08407e-007
27 6 -6.67358e-006 5.96825e-008
28 6 -6.65092e-006 -8.99117e-008
29 6 -6.58635e-006 -2.38693e-007
30 6 -6.48058e-006 -3.8498e-007
31 6 -6.33478e-006 -5.27093e-007
32 6 -6.15057e-006 -6.6336e-007
33 6 -5.93005e-006 -7.92117e-007
34 6 -5.67574e-006 -9.11719e-007
35 6 -5.39061e-006 -1.02055e-006
36 6 -5.07804e-006 -1.11701e-006
37 6 -4.74182e-006 -1.19959e-006
38 6 -4.38612e-006 -1.2668e-006
39 6 -4.01544e-006 -1.31727e-006
40 6 -3.63461e-006 -1.34975e-006
41 6 -3.2487e-006 -1.36312e-006
42 6 -2.86299e-006 -1.35648e-006
43 6 -2.48288e-006 -1.32914e-006
44 6 -2.11382e-006 -1.28077e-006
45 6 -1.76117e-006 -1.21139e-006
46 6 -1.43012e-006 -1.12156e-006
47 6 -1.12553e-006 -1.01246e-006
48 6 -8.51771e-007 -8.861e-007
49 6 -6.12542e-007 -7.45532e-007
50 6 -4.1072e-007 -5.95164e-007
51 6 -2.48214e-007 -4.41136e-007
52 6 -1.25881e-007 -2.91782e-007
53 6 -4.35712e-008 -1.58191e-007
54 6 0 -5.48169e-008
0 7 0 0
1 7 -6.45978e-008 9.44086e-008
2 7 -1.71869e-007 2.38437e-007
3 7 -3.26073e-007 4.13026e-007
4 7 -5.25684e-007 6.03146e-007
5 7 -7.68579e-007 7.96837e-007
6 7 -1.05189e-006 9.84794e-007
7 7 -1.37197e-006 1.15995e-006
8 7 -1.72449e-006 1.31709e-006
9 7 -2.10453e-006 1.45249e-006
10 7 -2.50673e-006 1.56365e-006
11 7 -2.92542e-006 1.64901e-006
12 7 -3.35474e-006 1.70784e-006
13 7 -3.78879e-006 1.74001e-006
14 7 -4.22171e-006 1.7459e-006
15 7 -4.64778e-006 1.72628e-006
16 7 -5.0615e-006 1.68226e-006
17 7 -5.45765e-006 1.61522e-006
18 7 -5.83132e-006 1.52671e-006
19 7 -6.17801e-006 1.41847e-006
20 7 -6.49361e-006 1.29234e-006
21 7 -6.77444e-006 1.15028e-006
22 7 -7.0173e-006 9.94296e-007
23 7 -7.21946e-006 8.26469e-007
24 7 -7.37864e-006 6.48904e-007
25 7 -7.49311e-006 4.63734e-007
26 7 -7.56161e-006 2.73115e-007
27 7 -7.58337e-006 7.92106e-008
28 7 -7.55817e-006 -1.15807e-007
29 7 -7.48627e-006 -3.09763e-007
30 7 -7.36845e-006 -5.00485e-007
31 7 -7.20597e-006 -6.85803e-007
32 7 -7.00063e-006 -8.63558e-007
33 7 -6.75471e-006 -1.03161e-006
34 7 -6.47095e-006 -1.18783e-006
35 7 -6.15261e-006 -1.33015e-006
36 7 -5.80338e-006 -1.45653e-006
37 7 -5.4274e-006 -1.56501e-006
38 7 -5.0292e-006 -1.65373e-006
39 7 -4.61371e-006 -1.72093e-006
40 7 -4.18618e-006 -1.76503e-006
41 7 -3.75214e-006 -1.78464e-006
42 7 -3.31735e-006 -1.77864e-006
43 7 -2.88769e-006 -1.7462e-006
44 7 -2.46911e-006 -1.68694e-006
45 7 -2.06749e-006 -1.60092e-006
46 7 -1.68854e-006 -1.48887e-006
47 7 -1.33767e-006 -1.35226e-006
48 7 -1.01984e-006 -1.19353e-006
49 7 -7.39434e-007 -1.01632e-006
50 7 -5.00123e-007 -8.25703e-007
51 7 -3.04795e-007 -6.28608e-007
52 7 -1.55545e-007 -4.34151e-007
53 7 -5.37761e-008 -2.54095e-007
54 7 0 -1.03295e-007
0 8 0 0
1 8 -7.38707e-008 1.53861e-007
2 8 -2.00313e-007 3.54125e-007
3 8 -3.81259e-007 5.82103e-007
4 8 -6.13672e-007 8.22669e-007
5 8 -8.94137e-007 1.06348e-006
6 8 -1.2187e-006 1.29472e-006
7 8 -1.58282e-006 1.50872e-006
8 8 -1.98141e-006 1.69973e-006
9 8 -2.40887e-006 1.86355e-006
10 8 -2.85926e-006 1.99731e-006
11 8 -3.32636e-006 2.09922e-006
12 8 -3.80383e-006 2.16838e-006
13 8 -4.28528e-006 2.20466e-006
14 8 -4.7644e-006 2.20849e-006
15 8 -5.23506e-006 2.18083e-006
16 8 -5.69134e-006 2.12301e-006
17 8 -6.12765e-006 2.0367e-006
18 8 -6.53874e-006 1.92382e-006
19 8 -6.91978e-006 1.78649e-006
20 8 -7.26637e-006 1.627e-006
21 8 -7.57458e-006 1.44774e-006
22 8 -7.84098e-006 1.25122e-006
23 8 -8.06262e-006 1.04e-006
24 8 -8.23711e-006 8.16689e-007
25 8 -8.36257e-006 5.83943e-007
26 8 -8.43765e-006 3.44437e-007
27 8 -8.46154e-006 1.00859e-007
28 8 -8.434e-006 -1.44092e-007
29 8 -8.3553e-006 -3.87715e-007
30 8 -8.22628e-006 -6.27306e-007
31 8 -8.0483e-006 -8.60173e-007
32 8 -7.82327e-006 -1.08363e-006
33 8 -7.55362e-006 -1.29503e-006
34 8 -7.24233e-006 -1.49173e-006
35 8 -6.89284e-006 -1.67117e-006
36 8 -6.50913e-006 -1.83082e-006
37 8 -6.09561e-006 -1.96828e-006
38 8 -5.65716e-006 -2.08123e-006
39 8 -5.19904e-006 -2.16754e-006
40 8 -4.7269e-006 -2.22526e-006
41 8 -4.24667e-006 -2.25271e-006
42 8 -3.76452e-006 -2.24851e-006
43 8 -3.28681e-006 -2.21169e-006
44 8 -2.81993e-006 -2.14177e-006
45 8 -2.37029e-006 -2.03885e-006
46 8 -1.94414e-006 -1.90379e-006
47 8 -1.54746e-006 -1.7383e-006
48 8 -1.18588e-006 -1.54521e-006
49 8 -8.64527e-007 -1.32859e-006
50 8 -5.87952e-007 -1.09413e-006
51 8 -3.60104e-007 -8.49337e-007
52 8 -1.84348e-007 -6.03901e-007
53 8 -6.35987e-008 -3.70026e-007
54 8 0 -1.62733e-007
0 9 0 0
1 9 -8.28128e-008 2.23811e-007
2 9 -2.27867e-007 4.89243e-007
3 9 -4.34979e-007 7.78024e-007
4 9 -6.99685e-007 1.07504e-006
5 9 -1.0173e-006 1.36774e-006
6 9 -1.38275e-006 1.64592e-006
7 9 -1.79056e-006 1.9015e-006
8 9 -2.23478e-006 2.1283e-006
9 9 -2.70914e-006 2.32176e-006
10 9 -3.20703e-006 2.47872e-006
11 9 -3.72169e-006 2.5972e-006
12 9 -4.24626e-006 2.67623e-006
13 9 -4.77389e-006 2.71568e-006
14 9 -5.29784e-006 2.7161e-006
15 9 -5.81156e-006 2.67864e-006
16 9 -6.3088e-006 2.60489e-006
17 9 -6.78361e-006 2.49686e-006
18 9 -7.23044e-006 2.35683e-006
19 9 -7.64419e-006 2.18737e-006
20 9 -8.0202e-006 1.99121e-006
21 9 -8.35433e-006 1.77125e-006
22 9 -8.64296e-006 1.53048e-006
23 9 -8.883e-006 1.272e-006
24 9 -9.07191e-006 9.98952e-007
25 9 -9.20771e-006 7.14537e-007
26 9 -9.28898e-006 4.21976e-007
27 9 -9.31489e-006 1.24515e-007
28 9 -9.28517e-006 -1.74592e-007
29 9 -9.2001e-006 -4.72085e-007
30 9 -9.06056e-006 -7.64708e-007
31 9 -8.86801e-006 -1.04921e-006
32 9 -8.62443e-006 -1.32236e-006
33 9 -8.33241e-006 -1.58095e-006
34 9 -7.99506e-006 -1.82183e-006
35 9 -7.61604e-006 -2.04188e-006
36 9 -7.19952e-006 -2.23808e-006
37 9 -6.75018e-006 -2.40754e-006
38 9 -6.27316e-006 -2.54747e-006
39 9 -5.77406e-006 -2.65533e-006
40 9 -5.25883e-006 -2.72876e-006
41 9 -4.73379e-006 -2.76577e-006
42 9 -4.20552e-006 -2.76471e-006
43 9 -3.68078e-006 -2.7244e-006
44 9 -3.16646e-006 -2.64427e-006
45 9 -2.66946e-006 -2.52439e-006
46 9 -2.1966e-006 -2.3657e-006
47 9 -1.75449e-006 -2.1701e-006
48 9 -1.34946e-006 -1.9407e-006
49 9 -9.87442e-007 -1.68198e-006
50 9 -6.73948e-007 -1.40002e-006
51 9 -4.14014e-007 -1.10281e-006
52 9 -2.12267e-007 -8.00435e-007
53 9 -7.30592e-008 -5.05376e-007
54 9 0 -2.32681e-007
0 10 0 0
1 10 -9.15117e-008 3.03851e-007
2 10 -2.54689e-007 6.43188e-007
3 10 -4.87434e-007 1.00014e-006
4 10 -7.83944e-007 1.35967e-006
5 10 -1.13829e-006 1.70908e-006
6 10 -1.54429e-006 2.03793e-006
7 10 -1.99547e-006 2.33786e-006
8 10 -2.48503e-006 2.60236e-006
9 10 -3.0059e-006 2.82661e-006
10 10 -3.55085e-006 3.00726e-006
11 10 -4.1125e-006 3.14223e-006
12 10 -4.68346e-006 3.23053e-006
13 10 -5.2564e-006 3.27207e-006
14 10 -5.82419e-006 3.26759e-006
15 10 -6.37988e-006 3.21845e-006
16 10 -6.91688e-006 3.12656e-006
17 10 -7.42893e-006 2.99429e-006
18 10 -7.91022e-006 2.82434e-006
19 10 -8.3554e-006 2.61972e-006
20 10 -8.7596e-006 2.38366e-006
21 10 -9.11852e-006 2.11956e-006
22 10 -9.42835e-006 1.83097e-006
23 10 -9.6859e-006 1.52153e-006
24 10 -9.88852e-006 1.19494e-006
25 10 -1.00341e-005 8.54965e-007
26 10 -1.01213e-005 5.05409e-007
27 10 -1.01492e-005 1.5009e-007
28 10 -1.01174e-005 -2.07159e-007
29 10 -1.00263e-005 -5.62497e-007
30 10 -9.87679e-006 -9.12089e-007
31 10 -9.6704e-006 -1.25211e-006
32 10 -9.4092e-006 -1.57875e-006
33 10 -9.09586e-006 -1.88823e-006
34 10 -8.73363e-006 -2.17684e-006
35 10 -8.32632e-006 -2.44091e-006
36 10 -7.87829e-006 -2.67689e-006
37 10 -7.39443e-006 -2.88135e-006
38 10 -6.88013e-006 -3.05104e-006
39 10 -6.34124e-006 -3.18293e-006
40 10 -5.78405e-006 -3.27427e-006
41 10 -5.21519e-006 -3.32269e-006
42 10 -4.64164e-006 -3.32623e-006
43 10 -4.07058e-006 -3.2835e-006
44 10 -3.50938e-006 -3.19373e-006
45 10 -2.96545e-006 -3.05696e-006
46 10 -2.44621e-006 -2.87412e-006
47 10 -1.95893e-006 -2.64725e-006
48 10 -1.5107e-006 -2.37965e-006
49 10 -1.10831e-006 -2.07606e-006
50 10 -7.58255e-007 -1.7429e-006
51 10 -4.6667e-007 -1.38847e-006
52 10 -2.39428e-007 -1.02315e-006
53 10 -8.22292e-008 -6.59568e-007
54 10 0 -3.12739e-007
0 11 0 0
1 11 -1.00079e-007 3.93649e-007
2 11 -2.8101e-007 8.15454e-007
3 11 -5.38967e-007 1.24789e-006
4 11 -8.66886e-007 1.676e-006
5 11 -1.25764e-006 2.08702e-006
6 11 -1.70392e-006 2.47035e-006
7 11 -2.19826e-006 2.81742e-006
8 11 -2.73295e-006 3.12154e-006
9 11 -3.30013e-006 3.37772e-006
10 11 -3.89184e-006 3.58251e-006
11 11 -4.50011e-006 3.73379e-006
12 11 -5.11698e-006 3.83063e-006
13 11 -5.73467e-006 3.87309e-006
14 11 -6.34558e-006 3.8621e-006
15 11 -6.94244e-006 3.79931e-006
16 11 -7.51829e-006 3.68699e-006
17 11 -8.06663e-006 3.52791e-006
18 11 -8.58138e-006 3.32522e-006
19 11 -9.05699e-006 3.08241e-006
20 11 -9.48842e-006 2.80325e-006
21 11 -9.87119e-006 2.49168e-006
22 11 -1.02014e-005 2.15179e-006
23 11 -1.04757e-005 1.78781e-006
24 11 -1.06915e-005 1.40402e-006
25 11 -1.08465e-005 1.00478e-006
26 11 -1.09393e-005 5.94467e-007
27 11 -1.0969e-005 1.7751e-007
28 11 -1.09353e-005 -2.41669e-007
29 11 -1.08385e-005 -6.58633e-007
30 11 -1.06795e-005 -1.06895e-006
31 11 -1.04599e-005 -1.46819e-006
32 11 -1.01818e-005 -1.85197e-006
33 11 -9.84799e-006 -2.21592e-006
34 11 -9.46182e-006 -2.55572e-006
35 11 -9.02722e-006 -2.86716e-006
36 11 -8.54871e-006 -3.1461e-006
37 11 -8.03135e-006 -3.38858e-006
38 11 -7.48073e-006 -3.59082e-006
39 11 -6.90297e-006 -3.74931e-006
40 11 -6.30461e-006 -3.86083e-006
41 11 -5.69264e-006 -3.92261e-006
42 11 -5.07439e-006 -3.93235e-006
43 11 -4.45747e-006 -3.88835e-006
44 11 -3.84973e-006 -3.78965e-006
45 11 -3.25913e-006 -3.63615e-006
46 11 -2.69369e-006 -3.42872e-006
47 11 -2.1614e-006 -3.16944e-006
48 11 -1.67014e-006 -2.86172e-006
49 11 -1.2276e-006 -2.51048e-006
50 11 -8.41258e-007 -2.12235e-006
51 11 -5.18379e-007 -1.70584e-006
52 11 -2.66037e-007 -1.27152e-006
53 11 -9.1205e-008 -8.32112e-007
54 11 0 -4.02579e-007
0 12 0 0
1 12 -1.08633e-007 4.92953e-007
2 12 -3.07094e-007 1.00566e-006
3 12 -5.89995e-007 1.52085e-006
4 12 -9.49073e-007 2.02363e-006
5 12 -1.37603e-006 2.5012e-006
6 12 -1.86246e-006 2.94286e-006
7 12 -2.39985e-006 3.33992e-006
8 12 -2.97959e-006 3.68559e-006
9 12 -3.59298e-006 3.97482e-006
10 12 -4.23133e-006 4.20414e-006
11 12 -4.886e-006 4.3715e-006
12 12 -5.54849e-006 4.47608e-006
13 12 -6.21051e-006 4.51817e-006
14 12 -6.86405e-006 4.49896e-006
15 12 -7.50146e-006 4.42047e-006
16 12 -8.11549e-006 4.28535e-006
17 12 -8.69935e-006 4.09682e-006
18 12 -9.24676e-006 3.85854e-006
19 12 -9.75197e-006 3.57453e-006
20 12 -1.02098e-005 3.24909e-006
21 12 -1.06157e-005 2.88674e-006
22 12 -1.09656e-005 2.49216e-006
23 12 -1.12561e-005 2.07017e-006
24 12 -1.14845e-005 1.62566e-006
25 12 -1.16485e-005 1.16358e-006
26 12 -1.17468e-005 6.88919e-007
27 12 -1.17782e-005 2.0671e-007
28 12 -1.17426e-005 -2.78014e-007
29 12 -1.16403e-005 -7.60214e-007
30 12 -1.14722e-005 -1.23485e-006
31 12 -1.12399e-005 -1.69689e-006
32 12 -1.09456e-005 -2.14132e-006
33 12 -1.05921e-005 -2.56319e-006
34 12 -1.01828e-005 -2.95759e-006
35 12 -9.72172e-006 -3.31968e-006
36 12 -9.21356e-006 -3.64475e-006
37 12 -8.6635e-006 -3.92827e-006
38 12 -8.07734e-006 -4.1659e-006
39 12 -7.46139e-006 -4.3536e-006
40 12 -6.82248e-006 -4.48767e-006
41 12 -6.1679e-006 -4.56487e-006
42 12 -5.50534e-006 -4.5825e-006
43 12 -4.84285e-006 -4.53852e-006
44 12 -4.18875e-006 -4.43168e-006
45 12 -3.55159e-006 -4.26168e-006
46 12 -2.94002e-006 -4.02927e-006
47 12 -2.36277e-006 -3.73647e-006
48 12 -1.82853e-006 -3.38671e-006
49 12 -1.34594e-006 -2.98498e-006
50 12 -9.23482e-007 -2.53804e-006
51 12 -5.69533e-007 -2.05453e-006
52 12 -2.92342e-007 -1.54513e-006
53 12 -1.00093e-007 -1.02263e-006
54 12 0 -5.01951e-007
0 13 0 0
1 13 -1.17294e-007 6.01608e-007
2 13 -3.33215e-007 1.21356e-006
3 13 -6.40966e-007 1.81876e-006
4 13 -1.03113e-006 2.40232e-006
5 13 -1.49425e-006 2.95141e-006
6 13 -2.02082e-006 3.45529e-006
7 13 -2.60131e-006 3.90522e-006
8 13 -3.22614e-006 4.29439e-006
9 13 -3.88576e-006 4.61776e-006
10 13 -4.57071e-006 4.87196e-006
11 13 -5.2717e-006 5.05508e-006
12 13 -5.97962e-006 5.16653e-006
13 13 -6.68569e-006 5.20686e-006
14 13 -7.38147e-006 5.17764e-006
15 13 -8.05894e-006 5.08128e-006
16 13 -8.71056e-006 4.92091e-006
17 13 -9.3293e-006 4.70025e-006
18 13 -9.90867e-006 4.42349e-006
19 13 -1.04428e-005 4.09523e-006
20 13 -1.09263e-005 3.72034e-006
21 13 -1.13546e-005 3.30396e-006
22 13 -1.17235e-005 2.85138e-006
23 13 -1.20296e-005 2.368e-006
24 13 -1.22702e-005 1.85936e-006
25 13 -1.2443e-005 1.331e-006
26 13 -1.25464e-005 7.88548e-007
27 13 -1.25796e-005 2.37633e-007
28 13 -1.25423e-005 -3.16096e-007
29 13 -1.24347e-005 -8.66985e-007
30 13 -1.22578e-005 -1.40938e-006
31 13 -1.20133e-005 -1.93764e-006
32 13 -1.17033e-005 -2.44615e-006
33 13 -1.13307e-005 -2.92932e-006
34 13 -1.0899e-005 -3.38162e-006
35 13 -1.04122e-005 -3.79761e-006
36 13 -9.87512e-006 -4.17199e-006
37 13 -9.29308e-006 -4.49958e-006
38 13 -8.67202e-006 -4.77549e-006
39 13 -8.01847e-006 -4.99509e-006
40 13 -7.33949e-006 -5.15416e-006
41 13 -6.64268e-006 -5.24893e-006
42 13 -5.93608e-006 -5.27624e-006
43 13 -5.22817e-006 -5.23365e-006
44 13 -4.52779e-006 -5.11956e-006
45 13 -3.84406e-006 -4.93338e-006
46 13 -3.18631e-006 -4.67564e-006
47 13 -2.56402e-006 -4.34823e-006
48 13 -1.98675e-006 -3.95449e-006
49 13 -1.46408e-006 -3.49941e-006
50 13 -1.00552e-006 -2.98978e-006
51 13 -6.2056e-007 -2.43431e-006
52 13 -3.18603e-007 -1.84374e-006
53 13 -1.09e-007 -1.23089e-006
54 13 0 -6.10699e-007
0 14 0 0
1 14 -1.26176e-007 7.19541e-007
2 14 -3.59648e-007 1.43904e-006
3 14 -6.92336e-007 2.14149e-006
4 14 -1.11369e-006 2.81196e-006
5 14 -1.61311e-006 3.43759e-006
6 14 -2.17999e-006 4.0076e-006
7 14 -2.80374e-006 4.51329e-006
8 14 -3.47381e-006 4.94788e-006
9 14 -4.17979e-006 5.30647e-006
10 14 -4.91141e-006 5.58585e-006
11 14 -5.65869e-006 5.78434e-006
12 14 -6.41193e-006 5.90166e-006
13 14 -7.16182e-006 5.93876e-006
14 14 -7.8995e-006 5.89762e-006
15 14 -8.61659e-006 5.78115e-006
16 14 -9.30527e-006 5.59299e-006
17 14 -9.95827e-006 5.33743e-006
18 14 -1.05689e-005 5.01927e-006
19 14 -1.11312e-005 4.6437e-006
20 14 -1.16397e-005 4.21622e-006
21 14 -1.20897e-005 3.74259e-006
22 14 -1.24771e-005 3.22874e-006
23 14 -1.27983e-005 2.6807e-006
24 14 -1.30506e-005 2.10463e-006
25 14 -1.32318e-005 1.5067e-006
26 14 -1.33403e-005 8.93148e-007
27 14 -1.33751e-005 2.70223e-007
28 14 -1.33361e-005 -3.55813e-007
29 14 -1.32234e-005 -9.78698e-007
30 14 -1.30382e-005 -1.59216e-006
31 14 -1.27819e-005 -2.18995e-006
32 14 -1.24568e-005 -2.76582e-006
33 14 -1.20657e-005 -3.31357e-006
34 14 -1.16123e-005 -3.82704e-006
35 14 -1.11005e-005 -4.30016e-006
36 14 -1.05352e-005 -4.72697e-006
37 14 -9.92182e-006 -5.10171e-006
38 14 -9.26649e-006 -5.41882e-006
39 14 -8.57586e-006 -5.67308e-006
40 14 -7.85725e-006 -5.85967e-006
41 14 -7.11853e-006 -5.97427e-006
42 14 -6.3681e-006 -6.01318e-006
43 14 -5.61489e-006 -5.97347e-006
44 14 -4.86823e-006 -5.85311e-006
45 14 -4.13784e-006 -5.65114e-006
46 14 -3.43376e-006 -5.36779e-006
47 14 -2.76624e-006 -5.00471e-006
48 14 -2.14574e-006 -4.56507e-006
49 14 -1.5828e-006 -4.05377e-006
50 14 -1.08799e-006 -3.47754e-006
51 14 -6.71898e-007 -2.8451e-006
52 14 -3.45081e-007 -2.16723e-006
53 14 -1.18031e-007 -1.45679e-006
54 14 0 -7.28753e-007
0 15 0 0
1 15 -1.3539e-007 8.46768e-007
2 15 -3.86657e-007 1.68215e-006
3 15 -7.44552e-007 2.48911e-006
4 15 -1.19738e-006 3.25264e-006
5 15 -1.73342e-006 3.95982e-006
6 15 -2.34092e-006 4.5999e-006
7 15 -3.00824e-006 5.16422e-006
8 15 -3.72383e-006 5.64614e-006
9 15 -4.47637e-006 6.04096e-006
10 15 -5.25479e-006 6.34571e-006
11 15 -6.04837e-006 6.55908e-006
12 15 -6.84682e-006 6.6812e-006
13 15 -7.64031e-006 6.71346e-006
14 15 -8.41954e-006 6.65838e-006
15 15 -9.17579e-006 6.51943e-006
16 15 -9.90095e-006 6.30086e-006
17 15 -1.05876e-005 6.00758e-006
18 15 -1.12288e-005 5.64504e-006
19 15 -1.18186e-005 5.21908e-006
20 15 -1.23513e-005 4.73587e-006
21 15 -1.28223e-005 4.20182e-006
22 15 -1.32274e-005 3.62351e-006
23 15 -1.35632e-005 3.00763e-006
24 15 -1.38267e-005 2.36095e-006
25 15 -1.40159e-005 1.69029e-006
26 15 -1.41292e-005 1.00249e-006
27 15 -1.41657e-005 3.04413e-007
28 15 -1.4125e-005 -3.97072e-007
29 15 -1.40076e-005 -1.09509e-006
30 15 -1.38143e-005 -1.78278e-006
31 15 -1.35467e-005 -2.45326e-006
32 15 -1.32071e-005 -3.09967e-006
33 15 -1.27983e-005 -3.71519e-006
34 15 -1.23238e-005 -4.29301e-006
35 15 -1.17877e-005 -4.82643e-006
36 15 -1.1195e-005 -5.30883e-006
37 15 -1.0551e-005 -5.73378e-006
38 15 -9.86205e-006 -6.09508e-006
39 15 -9.13491e-006 -6.38685e-006
40 15 -8.37713e-006 -6.60359e-006
41 15 -7.59683e-006 -6.74038e-006
42 15 -6.8028e-006 -6.79291e-006
43 15 -6.00435e-006 -6.75769e-006
44 15 -5.21137e-006 -6.63217e-006
45 15 -4.43418e-006 -6.4149e-006
46 15 -3.68353e-006 -6.10574e-006
47 15 -2.97051e-006 -5.70599e-006
48 15 -2.30645e-006 -5.21856e-006
49 15 -1.7029e-006 -4.64816e-006
50 15 -1.1715e-006 -4.00142e-006
51 15 -7.2398e-007 -3.287e-006
52 15 -3.7203e-007 -2.51566e-006
53 15 -1.27288e-007 -1.70035e-006
54 15 0 -8.56124e-007
0 16 0 0
1 16 -1.45042e-007 9.83376e-007
2 16 -4.14498e-007 1.94303e-006
3 16 -7.98044e-007 2.86183e-006
4 16 -1.28284e-006 3.72459e-006
5 16 -1.85597e-006 4.51837e-006
6 16 -2.50457e-006 5.23243e-006
7 16 -3.21589e-006 5.85821e-006
8 16 -3.97736e-006 6.3893e-006
9 16 -4.77673e-006 6.82125e-006
10 16 -5.60209e-006 7.15149e-006
11 16 -6.442e-006 7.37913e-006
12 16 -7.28553e-006 7.5048e-006
13 16 -8.12234e-006 7.53049e-006
14 16 -8.94269e-006 7.45932e-006
15 16 -9.73754e-006 7.29541e-006
16 16 -1.04985e-005 7.04369e-006
17 16 -1.1218e-005 6.70979e-006
18 16 -1.1889e-005 6.29984e-006
19 16 -1.25053e-005 5.8204e-006
20 16 -1.30615e-005 5.27834e-006
21 16 -1.35527e-005 4.68075e-006
22 16 -1.39749e-005 4.03488e-006
23 16 -1.43245e-005 3.34808e-006
24 16 -1.45988e-005 2.62775e-006
25 16 -1.47956e-005 1.88135e-006
26 16 -1.49135e-005 1.11632e-006
27 16 -1.49515e-005 3.40129e-007
28 16 -1.49093e-005 -4.3976e-007
29 16 -1.47873e-005 -1.21588e-006
30 16 -1.45864e-005 -1.98077e-006
31 16 -1.43081e-005 -2.72695e-006
32 16 -1.39546e-005 -3.44695e-006
33 16 -1.35288e-005 -4.13331e-006
34 16 -1.3034e-005 -4.77861e-006
35 16 -1.24746e-005 -5.37546e-006
36 16 -1.18552e-005 -5.91658e-006
37 16 -1.11814e-005 -6.39485e-006
38 16 -1.04596e-005 -6.80337e-006
39 16 -9.69661e-006 -7.13555e-006
40 16 -8.90019e-006 -7.38519e-006
41 16 -8.07874e-006 -7.54667e-006
42 16 -7.24135e-006 -7.61499e-006
43 16 -6.39779e-006 -7.586e-006
44 16 -5.55845e-006 -7.45655e-006
45 16 -4.73429e-006 -7.22462e-006
46 16 -3.93678e-006 -6.88956e-006
47 16 -3.17785e-006 -6.45223e-006
48 16 -2.46978e-006 -5.91519e-006
49 16 -1.82514e-006 -5.28286e-006
50 16 -1.25666e-006 -4.5617e-006
51 16 -7.77222e-007 -3.76024e-006
52 16 -3.99692e-007 -2.88926e-006
53 16 -1.36865e-007 -1.96174e-006
54 16 0 -9.92904e-007
0 17 0 0
1 17 -1.55232e-007 1.12953e-006
2 17 -4.43413e-007 2.22197e-006
3 17 -8.53223e-007 3.25999e-006
4 17 -1.37063e-006 4.22822e-006
5 17 -1.98151e-006 5.11364e-006
6 17 -2.67183e-006 5.90554e-006
7 17 -3.42769e-006 6.59557e-006
8 17 -4.23548e-006 7.17755e-006
9 17 -5.08197e-006 7.64743e-006
10 17 -5.95442e-006 8.0031e-006
11 17 -6.84063e-006 8.24422e-006
12 17 -7.72904e-006 8.37206e-006
13 17 -8.60877e-006 8.38926e-006
14 17 -9.4697e-006 8.29968e-006
15 17 -1.03025e-005 8.10819e-006
16 17 -1.10984e-005 7.8205e-006
17 17 -1.18498e-005 7.44298e-006
18 17 -1.25496e-005 6.98255e-006
19 17 -1.31915e-005 6.44652e-006
20 17 -1.37701e-005 5.84251e-006
21 17 -1.42805e-005 5.17832e-006
22 17 -1.47188e-005 4.46188e-006
23 17 -1.50815e-005 3.70121e-006
24 17 -1.53659e-005 2.90436e-006
25 17 -1.55699e-005 2.07938e-006
26 17 -1.56921e-005 1.23434e-006
27 17 -1.57315e-005 3.77282e-007
28 17 -1.5688e-005 -4.8376e-007
29 17 -1.55617e-005 -1.34074e-006
30 17 -1.53536e-005 -2.18562e-006
31 17 -1.50652e-005 -3.01033e-006
32 17 -1.46987e-005 -3.80681e-006
33 17 -1.42567e-005 -4.56697e-006
34 17 -1.37427e-005 -5.28275e-006
35 17 -1.31608e-005 -5.9461e-006
36 17 -1.25159e-005 -6.54906e-006
37 17 -1.18133e-005 -7.08377e-006
38 17 -1.10595e-005 -7.54259e-006
39 17 -1.02615e-005 -7.91818e-006
40 17 -9.42718e-006 -8.20359e-006
41 17 -8.5651e-006 -8.39238e-006
42 17 -7.68473e-006 -8.47882e-006
43 17 -6.79624e-006 -8.45799e-006
44 17 -5.91054e-006 -8.32602e-006
45 17 -5.03924e-006 -8.08022e-006
46 17 -4.19456e-006 -7.71932e-006
47 17 -3.38927e-006 -7.24363e-006
48 17 -2.63663e-006 -6.65525e-006
49 17 -1.95026e-006 -5.95824e-006
50 17 -1.34404e-006 -5.15877e-006
51 17 -8.32026e-007 -4.26524e-006
52 17 -4.283e-007 -3.28837e-006
53 17 -1.46857e-007 -2.24124e-006
54 17 0 -1.13925e-006
0 18 0 0
1 18 -1.66059e-007 1.28547e-006
2 18 -4.73635e-007 2.51937e-006
3 18 -9.10479e-007 3.6841e-006
4 18 -1.46131e-006 4.76406e-006
5 18 -2.11075e-006 5.74614e-006
6 18 -2.84353e-006 6.61972e-006
7 18 -3.64456e-006 7.37665e-006
8 18 -4.49916e-006 8.01111e-006
9 18 -5.39309e-006 8.51953e-006
10 18 -6.31272e-006 8.90039e-006
11 18 -7.24511e-006 9.15401e-006
12 18 -8.17806e-006 9.2824e-006
13 18 -9.10018e-006 9.28901e-006
14 18 -1.00009e-005 9.17852e-006
15 18 -1.08706e-005 8.95667e-006
16 18 -1.17005e-005 8.63002e-006
17 18 -1.24827e-005 8.2058e-006
18 18 -1.321e-005 7.69178e-006
19 18 -1.38762e-005 7.09606e-006
20 18 -1.4476e-005 6.42704e-006
21 18 -1.50045e-005 5.69326e-006
22 18 -1.54578e-005 4.90337e-006
23 18 -1.58327e-005 4.06604e-006
24 18 -1.61265e-005 3.18997e-006
25 18 -1.63372e-005 2.28382e-006
26 18 -1.64633e-005 1.35621e-006
27 18 -1.65041e-005 4.15767e-007
28 18 -1.64592e-005 -5.28928e-007
29 18 -1.6329e-005 -1.46928e-006
30 18 -1.61143e-005 -2.39671e-006
31 18 -1.58166e-005 -3.30257e-006
32 18 -1.54379e-005 -4.17823e-006
33 18 -1.49809e-005 -5.01499e-006
34 18 -1.44488e-005 -5.80416e-006
35 18 -1.38458e-005 -6.537e-006
36 18 -1.31765e-005 -7.20486e-006
37 18 -1.24464e-005 -7.79913e-006
38 18 -1.16618e-005 -8.31141e-006
39 18 -1.08298e-005 -8.73351e-006
40 18 -9.95843e-006 -9.05766e-006
41 18 -9.05647e-006 -9.27657e-006
42 18 -8.13364e-006 -9.38364e-006
43 18 -7.20053e-006 -9.3731e-006
44 18 -6.26858e-006 -9.24024e-006
45 18 -5.35002e-006 -8.98157e-006
46 18 -4.45783e-006 -8.59509e-006
47 18 -3.60568e-006 -8.08044e-006
48 18 -2.80782e-006 -7.43914e-006
49 18 -2.07896e-006 -6.67478e-006
50 18 -1.43418e-006 -5.79318e-006
51 18 -8.88772e-007 -4.80254e-006
52 18 -4.58077e-007 -3.71351e-006
53 18 -1.57347e-007 -2.53924e-006
54 18 0 -1.29541e-006
0 19 0 0
1 19 -1.77617e-007 1.45148e-006
2 19 -5.05386e-007 2.83572e-006
3 19 -9.7019e-007 4.13479e-006
4 19 -1.55542e-006 5.33279e-006
5 19 -2.24436e-006 6.41654e-006
6 19 -3.02044e-006 7.37552e-006
7 19 -3.86736e-006 8.20187e-006
8 19 -4.76926e-006 8.89021e-006
9 19 -5.71089e-006 9.43757e-006
10 19 -6.67773e-006 9.84311e-006
11 19 -7.65605e-006 1.0108e-005
12 19 -8.63301e-006 1.02351e-005
13 19 -9.59673e-006 1.02287e-005
14 19 -1.05363e-005 1.00946e-005
15 19 -1.14418e-005 9.83944e-006
16 19 -1.23042e-005 9.47071e-006
17 19 -1.31156e-005 8.99663e-006
18 19 -1.38689e-005 8.42583e-006
19 19 -1.4558e-005 7.76731e-006
20 19 -1.51773e-005 7.03028e-006
21 19 -1.57225e-005 6.22405e-006
22 19 -1.61896e-005 5.35797e-006
23 19 -1.65756e-005 4.4414e-006
24 19 -1.68778e-005 3.48364e-006
25 19 -1.70944e-005 2.49395e-006
26 19 -1.72241e-005 1.4815e-006
27 19 -1.72661e-005 4.55449e-007
28 19 -1.72201e-005 -5.75106e-007
29 19 -1.70864e-005 -1.60106e-006
30 19 -1.68658e-005 -2.61331e-006
31 19 -1.65596e-005 -3.60269e-006
32 19 -1.61699e-005 -4.56e-006
33 19 -1.56991e-005 -5.47598e-006
34 19 -1.51505e-005 -6.34127e-006
35 19 -1.45278e-005 -7.1465e-006
36 19 -1.38357e-005 -7.88228e-006
37 19 -1.30796e-005 -8.53925e-006
38 19 -1.22657e-005 -9.10815e-006
39 19 -1.14011e-005 -9.57997e-006
40 19 -1.04939e-005 -9.946e-006
41 19 -9.553e-006 -1.0198e-005
42 19 -8.58848e-006 -1.03285e-005
43 19 -7.61127e-006 -1.03306e-005
44 19 -6.63329e-006 -1.01987e-005
45 19 -5.66742e-006 -9.92844e-006
46 19 -4.72744e-006 -9.51689e-006
47 19 -3.8279e-006 -8.96289e-006
48 19 -2.9841e-006 -8.26727e-006
49 19 -2.2119e-006 -7.43304e-006
50 19 -1.52761e-006 -6.46559e-006
51 19 -9.47823e-007 -5.37282e-006
52 19 -4.89235e-007 -4.16529e-006
53 19 -1.68425e-007 -2.85625e-006
54 19 0 -1.46166e-006
0 20 0 0
1 20 -1.90004e-007 1.62791e-006
2 20 -5.38888e-007 3.17163e-006
3 20 -1.03272e-006 4.61279e-006
4 20 -1.65345e-006 5.9352e-006
5 20 -2.38297e-006 7.12557e-006
6 20 -3.20329e-006 8.17356e-006
7 20 -4.09682e-006 9.07165e-006
8 20 -5.04652e-006 9.81504e-006
9 20 -6.03606e-006 1.04014e-005
10 20 -7.04997e-006 1.08309e-005
11 20 -8.07376e-006 1.11054e-005
12 20 -9.09397e-006 1.1229e-005
13 20 -1.00982e-005 1.12071e-005
14 20 -1.10752e-005 1.10464e-005
15 20 -1.20149e-005 1.07547e-005
16 20 -1.29082e-005 1.03406e-005
17 20 -1.3747e-005 9.8134e-006
18 20 -1.45243e-005 9.18263e-006
19 20 -1.52342e-005 8.45823e-006
20 20 -1.58714e-005 7.65026e-006
21 20 -1.64315e-005 6.76883e-006
22 20 -1.69108e-005 5.82403e-006
23 20 -1.73064e-005 4.82585e-006
24 20 -1.76161e-005 3.78422e-006
25 20 -1.78379e-005 2.70894e-006
26 20 -1.79706e-005 1.60971e-006
27 20 -1.80136e-005 4.96172e-007
28 20 -1.79666e-005 -6.22101e-007
29 20 -1.78299e-005 -1.73554e-006
30 20 -1.76042e-005 -2.83456e-006
31 20 -1.72908e-005 -3.90952e-006
32 20 -1.68914e-005 -4.95069e-006
33 20 -1.64084e-005 -5.94824e-006
34 20 -1.58449e-005 -6.89222e-006
35 20 -1.52044e-005 -7.7726e-006
36 20 -1.44914e-005 -8.57924e-006
37 20 -1.37112e-005 -9.30201e-006
38 20 -1.28699e-005 -9.93079e-006
39 20 -1.19744e-005 -1.04556e-005
40 20 -1.10329e-005 -1.08668e-005
41 20 -1.00545e-005 -1.11552e-005
42 20 -9.04933e-006 -1.1312e-005
43 20 -8.02876e-006 -1.13294e-005
44 20 -7.00519e-006 -1.12007e-005
45 20 -5.99212e-006 -1.09204e-005
46 20 -5.00412e-006 -1.04846e-005
47 20 -4.05669e-006 -9.89118e-006
48 20 -3.16619e-006 -9.14009e-006
49 20 -2.34969e-006 -8.23367e-006
50 20 -1.62481e-006 -7.17674e-006
51 20 -1.00953e-006 -5.97687e-006
52 20 -5.21983e-007 -4.64447e-006
53 20 -1.80172e-007 -3.19287e-006
54 20 0 -1.63836e-006
0 21 0 0
1 21 -2.03314e-007 1.81519e-006
2 21 -5.74359e-007 3.52778e-006
3 21 -1.09842e-006 5.11896e-006
4 21 -1.7559e-006 6.57216e-006
5 21 -2.52716e-006 7.87405e-006
6 21 -3.39273e-006 9.01449e-006
7 21 -4.33362e-006 9.98642e-006
8 21 -5.33155e-006 1.07857e-005
9 21 -6.36906e-006 1.14109e-005
10 21 -7.42973e-006 1.1863e-005
11 21 -8.49828e-006 1.21453e-005
12 21 -9.56063e-006 1.22629e-005
13 21 -1.0604e-005 1.22224e-005
14 21 -1.16167e-005 1.20319e-005
15 21 -1.25885e-005 1.17003e-005
16 21 -1.35104e-005 1.12374e-005
17 21 -1.43743e-005 1.06536e-005
18 21 -1.51733e-005 9.95962e-006
19 21 -1.59017e-005 9.16629e-006
20 21 -1.65544e-005 8.28458e-006
21 21 -1.71272e-005 7.3254e-006
22 21 -1.76169e-005 6.29955e-006
23 21 -1.80206e-005 5.21771e-006
24 21 -1.83363e-005 4.09034e-006
25 21 -1.85623e-005 2.92779e-006
26 21 -1.86976e-005 1.74024e-006
27 21 -1.87414e-005 5.37747e-007
28 21 -1.86937e-005 -6.69686e-007
29 21 -1.85545e-005 -1.87208e-006
30 21 -1.83247e-005 -3.05943e-006
31 21 -1.80053e-005 -4.22165e-006
32 21 -1.75979e-005 -5.34855e-006
33 21 -1.71046e-005 -6.42976e-006
34 21 -1.65283e-005 -7.45477e-006
35 21 -1.58723e-005 -8.41287e-006
36 21 -1.51408e-005 -9.29322e-006
37 21 -1.43389e-005 -1.00849e-005
38 21 -1.34724e-005 -1.07768e-005
39 21 -1.25483e-005 -1.1358e-005
40 21 -1.15745e-005 -1.18179e-005
41 21 -1.05603e-005 -1.2146e-005
42 21 -9.51591e-006 -1.23325e-005
43 21 -8.45304e-006 -1.23682e-005
44 21 -7.38456e-006 -1.22453e-005
45 21 -6.3246e-006 -1.19569e-005
46 21 -5.28849e-006 -1.14981e-005
47 21 -4.2927e-006 -1.08654e-005
48 21 -3.35473e-006 -1.0058e-005
49 21 -2.49291e-006 -9.07732e-006
50 21 -1.72626e-006 -7.92747e-006
51 21 -1.07425e-006 -6.61559e-006
52 21 -5.56525e-007 -5.15189e-006
53 21 -1.92674e-007 -3.54979e-006
54 21 0 -1.82592e-006
0 22 0 0
1 22 -2.17649e-007 2.01378e-006
2 22 -6.12019e-007 3.90498e-006
3 22 -1.16765e-006 5.65425e-006
4 22 -1.86325e-006 7.24468e-006
5 22 -2.6775e-006 8.66288e-006
6 22 -3.58935e-006 9.899e-006
7 22 -4.57834e-006 1.09465e-005
8 22 -5.62482e-006 1.18022e-005
9 22 -6.71019e-006 1.24655e-005
10 22 -7.81705e-006 1.29387e-005
11 22 -8.92931e-006 1.32264e-005
12 22 -1.00323e-005 1.33349e-005
13 22 -1.11128e-005 1.32725e-005
14 22 -1.2159e-005 1.30485e-005
15 22 -1.31605e-005 1.26733e-005
16 22 -1.41082e-005 1.2158e-005
17 22 -1.49942e-005 1.15142e-005
18 22 -1.58121e-005 1.07537e-005
19 22 -1.6556e-005 9.88848e-006
20 22 -1.72215e-005 8.93035e-006
21 22 -1.78046e-005 7.89108e-006
22 22 -1.83023e-005 6.78218e-006
23 22 -1.87122e-005 5.61494e-006
24 22 -1.90323e-005 4.4004e-006
25 22 -1.92614e-005 3.14934e-006
26 22 -1.93985e-005 1.87237e-006
27 22 -1.94429e-005 5.79943e-007
28 22 -1.93947e-005 -7.17602e-007
29 22 -1.92539e-005 -2.00994e-006
30 22 -1.90211e-005 -3.28671e-006
31 22 -1.86972e-005 -4.53745e-006
32 22 -1.82837e-005 -5.75154e-006
33 22 -1.77825e-005 -6.91815e-006
34 22 -1.71959e-005 -8.02622e-006
35 22 -1.65272e-005 -9.06442e-006
36 22 -1.57801e-005 -1.00212e-005
37 22 -1.49594e-005 -1.08847e-005
38 22 -1.40706e-005 -1.16431e-005
39 22 -1.31205e-005 -1.22843e-005
40 22 -1.2117e-005 -1.27965e-005
41 22 -1.10692e-005 -1.3168e-005
42 22 -9.9875e-006 -1.33878e-005
43 22 -8.88382e-006 -1.34453e-005
44 22 -7.77146e-006 -1.33311e-005
45 22 -6.66514e-006 -1.30371e-005
46 22 -5.58101e-006 -1.25568e-005
47 22 -4.53652e-006 -1.18856e-005
48 22 -3.55033e-006 -1.10215e-005
49 22 -2.64214e-006 -9.96469e-006
50 22 -1.83244e-006 -8.71867e-006
51 22 -1.1423e-006 -7.28997e-006
52 22 -5.93072e-007 -5.68854e-006
53 22 -2.06015e-007 -3.92781e-006
54 22 0 -2.02482e-006
0 23 0 0
1 23 -2.33113e-007 2.2242e-006
2 23 -6.52099e-007 4.30408e-006
3 23 -1.24077e-006 6.21972e-006
4 23 -1.97597e-006 7.95381e-006
5 23 -2.83455e-006 9.49297e-006
6 23 -3.79374e-006 1.08277e-005
7 23 -4.83147e-006 1.19523e-005
8 23 -5.92668e-006 1.28642e-005
9 23 -7.05956e-006 1.35645e-005
10 23 -8.21168e-006 1.40566e-005
11 23 -9.36619e-006 1.43467e-005
12 23 -1.05079e-005 1.44428e-005
13 23 -1.16231e-005 1.43546e-005
14 23 -1.26998e-005 1.40932e-005
15 23 -1.37278e-005 1.36704e-005
16 23 -1.46979e-005 1.30989e-005
17 23 -1.56027e-005 1.23915e-005
18 23 -1.64357e-005 1.15612e-005
19 23 -1.71918e-005 1.06212e-005
20 23 -1.78668e-005 9.58417e-006
21 23 -1.84571e-005 8.46274e-006
22 23 -1.89602e-005 7.26912e-006
23 23 -1.93739e-005 6.01519e-006
24 23 -1.96967e-005 4.71248e-006
25 23 -1.99275e-005 3.37219e-006
26 23 -2.00655e-005 2.00528e-006
27 23 -2.01103e-005 6.22494e-007
28 23 -2.00618e-005 -7.65541e-007
29 23 -1.99202e-005 -2.14824e-006
30 23 -1.96858e-005 -3.51497e-006
31 23 -1.93594e-005 -4.85496e-006
32 23 -1.89421e-005 -6.15725e-006
33 23 -1.84356e-005 -7.41059e-006
34 23 -1.78419e-005 -8.60341e-006
35 23 -1.71637e-005 -9.72379e-006
36 23 -1.64044e-005 -1.07595e-005
37 23 -1.55684e-005 -1.16978e-005
38 23 -1.46609e-005 -1.25259e-005
39 23 -1.36883e-005 -1.32307e-005
40 23 -1.26582e-005 -1.37991e-005
41 23 -1.15796e-005 -1.42181e-005
42 23 -1.0463e-005 -1.44752e-005
43 23 -9.32046e-006 -1.45582e-005
44 23 -8.16564e-006 -1.44563e-005
45 23 -7.01385e-006 -1.41596e-005
46 23 -5.88202e-006 -1.36601e-005
47 23 -4.78862e-006 -1.29516e-005
48 23 -3.75354e-006 -1.20307e-005
49 23 -2.7979e-006 -1.08964e-005
50 23 -1.9438e-006 -9.55129e-006
51 23 -1.21406e-006 -8.0011e-006
52 23 -6.3184e-007 -6.25546e-006
53 23 -2.20286e-007 -4.32781e-006
54 23 0 -2.23558e-006
0 24 0 0
1 24 -2.49821e-007 2.44706e-006
2 24 -6.94843e-007 4.72608e-006
3 24 -1.31816e-006 6.81653e-006
4 24 -2.09454e-006 8.7007e-006
5 24 -2.99884e-006 1.03653e-005
6 24 -4.0064e-006 1.18013e-005
7 24 -5.09342e-006 1.30037e-005
8 24 -6.23734e-006 1.39715e-005
9 24 -7.41704e-006 1.47069e-005
10 24 -8.6131e-006 1.52151e-005
11 24 -9.80788e-006 1.55041e-005
12 24 -1.09856e-005 1.55836e-005
13 24 -1.21324e-005 1.54654e-005
14 24 -1.32362e-005 1.51621e-005
15 24 -1.42867e-005 1.46875e-005
16 24 -1.52752e-005 1.40556e-005
17 24 -1.61944e-005 1.32809e-005
18 24 -1.70384e-005 1.23777e-005
19 24 -1.78026e-005 1.13601e-005
20 24 -1.84831e-005 1.0242e-005
21 24 -1.9077e-005 9.03667e-006
22 24 -1.95822e-005 7.75709e-006
23 24 -1.99971e-005 6.41566e-006
24 24 -2.03204e-005 5.02436e-006
25 24 -2.05513e-005 3.59473e-006
26 24 -2.06894e-005 2.13798e-006
27 24 -2.07342e-005 6.65089e-007
28 24 -2.06859e-005 -8.13149e-007
29 24 -2.05443e-005 -2.28597e-006
30 24 -2.03099e-005 -3.74256e-006
31 24 -1.99831e-005 -5.17194e-006
32 24 -1.95648e-005 -6.56287e-006
33 24 -1.90562e-005 -7.90376e-006
34 24 -1.84589e-005 -9.1826e-006
35 24 -1.77751e-005 -1.03869e-005
36 24 -1.70079e-005 -1.15038e-005
37 24 -1.61608e-005 -1.25197e-005
38 24 -1.52388e-005 -1.34208e-005
39 24 -1.42477e-005 -1.41929e-005
40 24 -1.31949e-005 -1.48216e-005
41 24 -1.20891e-005 -1.52925e-005
42 24 -1.09407e-005 -1.55912e-005
43 24 -9.76191e-006 -1.57042e-005
44 24 -8.5666e-006 -1.56186e-005
45 24 -7.37064e-006 -1.53228e-005
46 24 -6.19174e-006 -1.48069e-005
47 24 -5.04943e-006 -1.40629e-005
48 24 -3.96488e-006 -1.30858e-005
49 24 -2.96073e-006 -1.18732e-005
50 24 -2.06083e-006 -1.04263e-005
51 24 -1.28987e-006 -8.75013e-006
52 24 -6.73055e-007 -6.85382e-006
53 24 -2.35586e-007 -4.75077e-006
54 24 0 -2.4588e-006
0 25 0 0
1 25 -2.67897e-007 2.68299e-006
2 25 -7.40518e-007 5.17204e-006
3 25 -1.40022e-006 7.44593e-006
4 25 -2.21948e-006 9.48655e-006
5 25 -3.17093e-006 1.12807e-005
6 25 -4.22783e-006 1.28201e-005
7 25 -5.36453e-006 1.41008e-005
8 25 -6.55683e-006 1.51232e-005
9 25 -7.78229e-006 1.58911e-005
10 25 -9.02044e-006 1.64119e-005
11 25 -1.02529e-005 1.66955e-005
12 25 -1.14634e-005 1.67538e-005
13 25 -1.26379e-005 1.66006e-005
14 25 -1.37644e-005 1.62506e-005
15 25 -1.48327e-005 1.57195e-005
16 25 -1.58345e-005 1.50231e-005
17 25 -1.6763e-005 1.41773e-005
18 25 -1.7613e-005 1.31979e-005
19 25 -1.83803e-005 1.21002e-005
20 25 -1.90618e-005 1.0899e-005
21 25 -1.96551e-005 9.60854e-006
22 25 -2.01588e-005 8.24227e-006
23 25 -2.05716e-005 6.81314e-006
24 25 -2.08929e-005 5.33348e-006
25 25 -2.11222e-005 3.81509e-006
26 25 -2.12591e-005 2.26936e-006
27 25 -2.13037e-005 7.07364e-007
28 25 -2.12558e-005 -8.60017e-007
29 25 -2.11155e-005 -2.42196e-006
30 25 -2.08829e-005 -3.96758e-006
31 25 -2.05583e-005 -5.48577e-006
32 25 -2.01421e-005 -6.96513e-006
33 25 -1.96352e-005 -8.39381e-006
34 25 -1.90385e-005 -9.75943e-006
35 25 -1.83538e-005 -1.1049e-005
36 25 -1.75834e-005 -1.2249e-005
37 25 -1.67303e-005 -1.33451e-005
38 25 -1.57988e-005 -1.43225e-005
39 25 -1.47943e-005 -1.51657e-005
40 25 -1.37236e-005 -1.5859e-005
41 25 -1.25949e-005 -1.63863e-005
42 25 -1.14186e-005 -1.67318e-005
43 25 -1.02067e-005 -1.68797e-005
44 25 -8.97347e-006 -1.68152e-005
45 25 -7.73515e-006 -1.65245e-005
46 25 -6.51024e-006 -1.59958e-005
47 25 -5.31929e-006 -1.52189e-005
48 25 -4.18485e-006 -1.41868e-005
49 25 -3.13118e-006 -1.28954e-005
50 25 -2.18401e-006 -1.13446e-005
51 25 -1.37013e-006 -9.53827e-006
52 25 -7.16965e-007 -7.48489e-006
53 25 -2.52019e-007 -5.19776e-006
54 25 0 -2.69512e-006
0 26 0 0
1 26 -2.87484e-007 2.93273e-006
2 26 -7.89417e-007 5.64314e-006
3 26 -1.4874e-006 8.10927e-006
4 26 -2.35134e-006 1.03126e-005
5 26 -3.35139e-006 1.22403e-005
6 26 -4.45853e-006 1.38847e-005
7 26 -5.64507e-006 1.52433e-005
8 26 -6.88508e-006 1.63181e-005
9 26 -8.15472e-006 1.71152e-005
10 26 -9.43248e-006 1.76441e-005
11 26 -1.06993e-005 1.79172e-005
12 26 -1.19385e-005 1.79488e-005
13 26 -1.31359e-005 1.7755e-005
14 26 -1.42796e-005 1.7353e-005
15 26 -1.536e-005 1.67604e-005
16 26 -1.63692e-005 1.59949e-005
17 26 -1.7301e-005 1.50743e-005
18 26 -1.8151e-005 1.40157e-005
19 26 -1.89157e-005 1.28356e-005
20 26 -1.95928e-005 1.15499e-005
21 26 -2.01808e-005 1.01734e-005
22 26 -2.06786e-005 8.72029e-006
23 26 -2.10858e-005 7.20393e-006
24 26 -2.14022e-005 5.6369e-006
25 26 -2.16277e-005 4.03115e-006
26 26 -2.17623e-005 2.39813e-006
27 26 -2.18061e-005 7.48904e-007
28 26 -2.17592e-005 -9.05687e-007
29 26 -2.16214e-005 -2.55488e-006
30 26 -2.13927e-005 -4.18784e-006
31 26 -2.10732e-005 -5.79347e-006
32 26 -2.06628e-005 -7.36029e-006
33 26 -2.01618e-005 -8.87632e-006
34 26 -1.95707e-005 -1.03289e-005
35 26 -1.88904e-005 -1.17046e-005
36 26 -1.81225e-005 -1.29893e-005
37 26 -1.72694e-005 -1.4168e-005
38 26 -1.63345e-005 -1.52247e-005
39 26 -1.53225e-005 -1.61429e-005
40 26 -1.42394e-005 -1.69053e-005
41 26 -1.30933e-005 -1.74941e-005
42 26 -1.18938e-005 -1.78916e-005
43 26 -1.0653e-005 -1.808e-005
44 26 -9.38506e-006 -1.80421e-005
45 26 -8.10682e-006 -1.77618e-005
46 26 -6.83741e-006 -1.72247e-005
47 26 -5.59847e-006 -1.64183e-005
48 26 -4.41393e-006 -1.53333e-005
49 26 -3.30982e-006 -1.39636e-005
50 26 -2.3139e-006 -1.23072e-005
51 26 -1.45528e-006 -1.03668e-005
52 26 -7.63848e-007 -8.15004e-006
53 26 -2.69705e-007 -5.66998e-006
54 26 0 -2.94528e-006
0 27 0 0
1 27 -3.08739e-007 3.19709e-006
2 27 -8.41877e-007 6.14069e-006
3 27 -1.5802e-006 8.80802e-006
4 27 -2.49072e-006 1.11803e-005
5 27 -3.54082e-006 1.32448e-005
6 27 -4.69896e-006 1.49952e-005
7 27 -5.93521e-006 1.64304e-005
8 27 -7.22181e-006 1.75547e-005
9 27 -8.53345e-006 1.83765e-005
10 27 -9.84757e-006 1.89081e-005
11 27 -1.11444e-005 1.91645e-005
12 27 -1.24072e-005 1.91631e-005
13 27 -1.36216e-005 1.89225e-005
14 27 -1.47763e-005 1.84625e-005
15 27 -1.58619e-005 1.78031e-005
16 27 -1.68713e-005 1.6964e-005
17 27 -1.77995e-005 1.59648e-005
18 27 -1.86425e-005 1.4824e-005
19 27 -1.93981e-005 1.35596e-005
20 27 -2.00646e-005 1.21882e-005
21 27 -2.06415e-005 1.07255e-005
22 27 -2.11286e-005 9.18615e-006
23 27 -2.15261e-005 7.58383e-006
24 27 -2.18342e-005 5.93128e-006
25 27 -2.20536e-005 4.24049e-006
26 27 -2.21844e-005 2.52283e-006
27 27 -2.2227e-005 7.89239e-007
28 27 -2.21815e-005 -9.49638e-007
29 27 -2.20477e-005 -2.68324e-006
30 27 -2.18255e-005 -4.40089e-006
31 27 -2.15143e-005 -6.09165e-006
32 27 -2.11139e-005 -7.74411e-006
33 27 -2.06237e-005 -9.34624e-006
34 27 -2.00437e-005 -1.08852e-005
35 27 -1.9374e-005 -1.23473e-005
36 27 -1.86153e-005 -1.37179e-005
37 27 -1.77691e-005 -1.49811e-005
38 27 -1.68378e-005 -1.61201e-005
39 27 -1.58253e-005 -1.71171e-005
40 27 -1.47369e-005 -1.79532e-005
41 27 -1.35796e-005 -1.86091e-005
42 27 -1.23628e-005 -1.90646e-005
43 27 -1.10981e-005 -1.92998e-005
44 27 -9.79976e-006 -1.92949e-005
45 27 -8.48478e-006 -1.90311e-005
46 27 -7.17302e-006 -1.8491e-005
47 27 -5.88715e-006 -1.76597e-005
48 27 -4.65259e-006 -1.65248e-005
49 27 -3.49723e-006 -1.5078e-005
50 27 -2.45107e-006 -1.33151e-005
51 27 -1.54578e-006 -1.12371e-005
52 27 -8.14014e-007 -8.85075e-006
53 27 -2.8878e-007 -6.16875e-006
54 27 0 -3.2101e-006
0 28 0 0
1 28 -3.31848e-007 3.47698e-006
2 28 -8.98282e-007 6.66613e-006
3 28 -1.67918e-006 9.54379e-006
4 28 -2.63829e-006 1.20908e-005
5 28 -3.73988e-006 1.42951e-005
6 28 -4.94959e-006 1.61515e-005
7 28 -6.23508e-006 1.76612e-005
8 28 -7.56656e-006 1.88307e-005
9 28 -8.91727e-006 1.96716e-005
10 28 -1.02636e-005 2.01991e-005
11 28 -1.15853e-005 2.04318e-005
12 28 -1.28653e-005 2.039e-005
13 28 -1.40897e-005 2.00956e-005
14 28 -1.52474e-005 1.95712e-005
15 28 -1.63302e-005 1.88391e-005
16 28 -1.73317e-005 1.79217e-005
17 28 -1.82479e-005 1.68401e-005
18 28 -1.9076e-005 1.56146e-005
19 28 -1.98147e-005 1.42643e-005
20 28 -2.04637e-005 1.28067e-005
21 28 -2.10232e-005 1.12583e-005
22 28 -2.1494e-005 9.63418e-006
23 28 -2.1877e-005 7.94809e-006
24 28 -2.21733e-005 6.21287e-006
25 28 -2.23838e-005 4.4404e-006
26 28 -2.25093e-005 2.64185e-006
27 28 -2.25502e-005 8.27845e-007
28 28 -2.25066e-005 -9.91288e-007
29 28 -2.23785e-005 -2.80533e-006
30 28 -2.21653e-005 -4.60396e-006
31 28 -2.18663e-005 -6.37651e-006
32 28 -2.14804e-005 -8.11179e-006
33 28 -2.10067e-005 -9.79786e-006
34 28 -2.04442e-005 -1.14219e-005
35 28 -1.97922e-005 -1.29699e-005
36 28 -1.90503e-005 -1.44268e-005
37 28 -1.8219e-005 -1.57762e-005
38 28 -1.72996e-005 -1.70002e-005
39 28 -1.62949e-005 -1.80798e-005
40 28 -1.52091e-005 -1.89945e-005
41 28 -1.40484e-005 -1.97231e-005
42 28 -1.28213e-005 -2.02432e-005
43 28 -1.1539e-005 -2.05323e-005
44 28 -1.02155e-005 -2.05677e-005
45 28 -8.86786e-006 -2.03276e-005
46 28 -7.51662e-006 -1.97914e-005
47 28 -6.18545e-006 -1.89407e-005
48 28 -4.9013e-006 -1.77602e-005
49 28 -3.69406e-006 -1.62385e-005
50 28 -2.5962e-006 -1.43689e-005
51 28 -1.64219e-006 -1.21505e-005
52 28 -8.67826e-007 -9.58866e-006
53 28 -3.09403e-007 -6.69553e-006
54 28 0 -3.4905e-006
0 29 0 0
1 29 -3.57026e-007 3.77344e-006
2 29 -9.59086e-007 7.22109e-006
3 29 -1.78502e-006 1.03183e-005
4 29 -2.79483e-006 1.30457e-005
5 29 -3.9493e-006 1.53919e-005
6 29 -5.21092e-006 1.73535e-005
7 29 -6.54466e-006 1.89339e-005
8 29 -7.91866e-006 2.01431e-005
9 29 -9.30458e-006 2.09959e-005
10 29 -1.06779e-005 2.15115e-005
11 29 -1.20178e-005 2.1712e-005
12 29 -1.33074e-005 2.16215e-005
13 29 -1.45332e-005 2.12655e-005
14 29 -1.5685e-005 2.06695e-005
15 29 -1.67554e-005 1.98588e-005
16 29 -1.77394e-005 1.88581e-005
17 29 -1.8634e-005 1.76906e-005
18 29 -1.9438e-005 1.63781e-005
19 29 -2.01513e-005 1.49409e-005
20 29 -2.07747e-005 1.33974e-005
21 29 -2.13096e-005 1.17647e-005
22 29 -2.17579e-005 1.00581e-005
23 29 -2.21213e-005 8.29144e-006
24 29 -2.24016e-005 6.47751e-006
25 29 -2.26003e-005 4.62789e-006
26 29 -2.27186e-005 2.75337e-006
27 29 -2.27571e-005 8.64136e-007
28 29 -2.27162e-005 -1.02999e-006
29 29 -2.25956e-005 -2.91932e-006
30 29 -2.23944e-005 -4.794e-006
31 29 -2.21116e-005 -6.64384e-006
32 29 -2.17457e-005 -8.458e-006
33 29 -2.12947e-005 -1.02248e-005
34 29 -2.07569e-005 -1.19315e-005
35 29 -2.01305e-005 -1.35642e-005
36 29 -1.94141e-005 -1.51073e-005
37 29 -1.86069e-005 -1.65438e-005
38 29 -1.7709e-005 -1.78552e-005
39 29 -1.67217e-005 -1.9021e-005
40 29 -1.5648e-005 -2.00193e-005
41 29 -1.44929e-005 -2.08267e-005
42 29 -1.32641e-005 -2.14186e-005
43 29 -1.19717e-005 -2.17695e-005
44 29 -1.06295e-005 -2.18536e-005
45 29 -9.25447e-006 -2.16457e-005
46 29 -7.86753e-006 -2.11213e-005
47 29 -6.4934e-006 -2.02585e-005
48 29 -5.16056e-006 -1.90379e-005
49 29 -3.90105e-006 -1.74449e-005
50 29 -2.75003e-006 -1.54696e-005
51 29 -1.74514e-006 -1.31085e-005
52 29 -9.2571e-007 -1.03655e-005
53 29 -3.3176e-007 -7.25195e-006
54 29 0 -3.78752e-006
0 30 0 0
1 30 -3.84532e-007 4.08765e-006
2 30 -1.02482e-006 7.80738e-006
3 30 -1.89848e-006 1.11335e-005
4 30 -2.96124e-006 1.40464e-005
5 30 -4.1699e-006 1.65357e-005
6 30 -5.48342e-006 1.86002e-005
7 30 -6.86387e-006 2.02465e-005
8 30 -8.27712e-006 2.14881e-005
9 30 -9.69329e-006 2.23441e-005
10 30 -1.1087e-005 2.28381e-005
11 30 -1.24371e-005 2.29966e-005
12 30 -1.37272e-005 2.28479e-005
13 30 -1.49443e-005 2.24215e-005
14 30 -1.60794e-005 2.17463e-005
15 30 -1.71263e-005 2.08508e-005
16 30 -1.80816e-005 1.97619e-005
17 30 -1.89438e-005 1.85051e-005
18 30 -1.97133e-005 1.71038e-005
19 30 -2.03913e-005 1.55794e-005
20 30 -2.09801e-005 1.39512e-005
21 30 -2.14825e-005 1.22365e-005
22 30 -2.19013e-005 1.04508e-005
23 30 -2.22393e-005 8.60806e-006
24 30 -2.24991e-005 6.72062e-006
25 30 -2.26828e-005 4.79966e-006
26 30 -2.27919e-005 2.85543e-006
27 30 -2.28275e-005 8.97472e-007
28 30 -2.27899e-005 -1.06506e-006
29 30 -2.26788e-005 -3.02315e-006
30 30 -2.2493e-005 -4.96766e-006
31 30 -2.2231e-005 -6.88898e-006
32 30 -2.18907e-005 -8.77686e-006
33 30 -2.14694e-005 -1.062e-005
34 30 -2.09643e-005 -1.24061e-005
35 30 -2.03726e-005 -1.4121e-005
36 30 -1.96915e-005 -1.57493e-005
37 30 -1.89189e-005 -1.72734e-005
38 30 -1.80532e-005 -1.86739e-005
39 30 -1.70944e-005 -1.99294e-005
40 30 -1.60439e-005 -2.10162e-005
41 30 -1.49053e-005 -2.19088e-005
42 30 -1.36847e-005 -2.25802e-005
43 30 -1.23915e-005 -2.30017e-005
44 30 -1.10385e-005 -2.31442e-005
45 30 -9.64256e-006 -2.29782e-005
46 30 -8.22482e-006 -2.24754e-005
47 30 -6.81089e-006 -2.16091e-005
48 30 -5.43084e-006 -2.03558e-005
49 30 -4.11899e-006 -1.86965e-005
50 30 -2.91345e-006 -1.66176e-005
51 30 -1.8554e-006 -1.41127e-005
52 30 -9.88168e-007 -1.11833e-005
53 30 -3.56074e-007 -7.83986e-006
54 30 0 -4.10233e-006
0 31 0 0
1 31 -4.14672e-007 4.42096e-006
2 31 -1.09614e-006 8.42709e-006
3 31 -2.0205e-006 1.19915e-005
4 31 -3.13856e-006 1.50944e-005
5 31 -4.40258e-006 1.7727e-005
6 31 -5.76758e-006 1.98907e-005
7 31 -7.19243e-006 2.15958e-005
8 31 -8.64061e-006 2.28606e-005
9 31 -1.00807e-005 2.37091e-005
10 31 -1.14866e-005 2.41701e-005
11 31 -1.28373e-005 2.42753e-005
12 31 -1.41167e-005 2.40578e-005
13 31 -1.53132e-005 2.35513e-005
14 31 -1.6419e-005 2.27888e-005
15 31 -1.74296e-005 2.18018e-005
16 31 -1.83435e-005 2.06201e-005
17 31 -1.9161e-005 1.92712e-005
18 31 -1.98841e-005 1.77799e-005
19 31 -2.0516e-005 1.61688e-005
20 31 -2.10604e-005 1.44579e-005
21 31 -2.15214e-005 1.26647e-005
22 31 -2.19032e-005 1.08047e-005
23 31 -2.22096e-005 8.89162e-006
24 31 -2.24439e-005 6.93723e-006
25 31 -2.2609e-005 4.95215e-006
26 31 -2.27069e-005 2.94588e-006
27 31 -2.27389e-005 9.27163e-007
28 31 -2.27053e-005 -1.09573e-006
29 31 -2.26058e-005 -3.11465e-006
30 31 -2.2439e-005 -5.12131e-006
31 31 -2.22028e-005 -7.10693e-006
32 31 -2.18944e-005 -9.06198e-006
33 31 -2.15104e-005 -1.09758e-005
34 31 -2.10469e-005 -1.28365e-005
35 31 -2.04997e-005 -1.46303e-005
36 31 -1.98649e-005 -1.63417e-005
37 31 -1.91385e-005 -1.79529e-005
38 31 -1.83176e-005 -1.94438e-005
39 31 -1.74e-005 -2.07919e-005
40 31 -1.63855e-005 -2.1972e-005
41 31 -1.52758e-005 -2.29565e-005
42 31 -1.40755e-005 -2.37156e-005
43 31 -1.27924e-005 -2.42175e-005
44 31 -1.14383e-005 -2.4429e-005
45 31 -1.00295e-005 -2.43165e-005
46 31 -8.58718e-006 -2.38466e-005
47 31 -7.13768e-006 -2.29877e-005
48 31 -5.71265e-006 -2.17109e-005
49 31 -4.3488e-006 -1.99921e-005
50 31 -3.08748e-006 -1.78134e-005
51 31 -1.97385e-006 -1.51644e-005
52 31 -1.05581e-006 -1.20441e-005
53 31 -3.82612e-007 -8.46135e-006
54 31 0 -4.43633e-006
0 32 0 0
1 32 -4.47818e-007 4.77497e-006
2 32 -1.1738e-006 9.08258e-006
3 32 -2.15217e-006 1.28946e-005
4 32 -3.32801e-006 1.61912e-005
5 32 -4.64839e-006 1.89657e-005
6 32 -6.06387e-006 2.12228e-005
7 32 -7.52984e-006 2.29778e-005
8 32 -9.0073e-006 2.42542e-005
9 32 -1.04634e-005 2.50823e-005
10 32 -1.18715e-005 2.5497e-005
11 32 -1.32109e-005 2.55359e-005
12 32 -1.44665e-005 2.52375e-005
13 32 -1.56283e-005 2.46405e-005
14 32 -1.66902e-005 2.37819e-005
15 32 -1.765e-005 2.26969e-005
16 32 -1.8508e-005 2.1418e-005
17 32 -1.92669e-005 1.99746e-005
18 32 -1.99306e-005 1.83931e-005
19 32 -2.05043e-005 1.6697e-005
20 32 -2.09934e-005 1.49066e-005
21 32 -2.14035e-005 1.30398e-005
22 32 -2.174e-005 1.11116e-005
23 32 -2.2008e-005 9.1353e-006
24 32 -2.22116e-005 7.12204e-006
25 32 -2.23543e-005 5.08157e-006
26 32 -2.24387e-005 3.02248e-006
27 32 -2.24663e-005 9.52471e-007
28 32 -2.24376e-005 -1.1212e-006
29 32 -2.2352e-005 -3.19147e-006
30 32 -2.2208e-005 -5.25109e-006
31 32 -2.20029e-005 -7.29229e-006
32 32 -2.17333e-005 -9.30648e-006
33 32 -2.13948e-005 -1.12838e-005
34 32 -2.09824e-005 -1.32131e-005
35 32 -2.04908e-005 -1.5081e-005
36 32 -1.99143e-005 -1.68723e-005
37 32 -1.92473e-005 -1.8569e-005
38 32 -1.84849e-005 -2.01507e-005
39 32 -1.7623e-005 -2.15938e-005
40 32 -1.66591e-005 -2.28717e-005
41 32 -1.55929e-005 -2.39548e-005
42 32 -1.44269e-005 -2.48104e-005
43 32 -1.3167e-005 -2.54032e-005
44 32 -1.18235e-005 -2.56959e-005
45 32 -1.04118e-005 -2.565e-005
46 32 -8.9528e-006 -2.52265e-005
47 32 -7.47329e-006 -2.43878e-005
48 32 -6.00645e-006 -2.3099e-005
49 32 -4.5915e-006 -2.133e-005
50 32 -3.27332e-006 -1.90571e-005
51 32 -2.10156e-006 -1.62655e-005
52 32 -1.12936e-006 -1.29503e-005
53 32 -4.117e-007 -9.11882e-006
54 32 0 -4.7911e-006
0 33 0 0
1 33 -4.84422e-007 5.15155e-006
2 33 -1.25876e-006 9.7766e-006
3 33 -2.29482e-006 1.38454e-005
4 33 -3.53103e-006 1.73385e-005
5 33 -4.90846e-006 2.02516e-005
6 33 -6.37268e-006 2.25941e-005
7 33 -7.87526e-006 2.4387e-005
8 33 -9.37471e-006 2.56608e-005
9 33 -1.08368e-005 2.64531e-005
10 33 -1.22349e-005 2.68059e-005
11 33 -1.35488e-005 2.67635e-005
12 33 -1.47652e-005 2.6371e-005
13 33 -1.58758e-005 2.56722e-005
14 33 -1.6877e-005 2.47087e-005
15 33 -1.77692e-005 2.35192e-005
16 33 -1.85552e-005 2.21391e-005
17 33 -1.924e-005 2.05997e-005
18 33 -1.983e-005 1.89289e-005
19 33 -2.03323e-005 1.71506e-005
20 33 -2.07543e-005 1.52855e-005
21 33 -2.11032e-005 1.33513e-005
22 33 -2.13859e-005 1.13627e-005
23 33 -2.16083e-005 9.33192e-006
24 33 -2.17756e-005 7.26945e-006
25 33 -2.1892e-005 5.18394e-006
26 33 -2.19605e-005 3.08283e-006
27 33 -2.1983e-005 9.72627e-007
28 33 -2.19599e-005 -1.14065e-006
29 33 -2.18907e-005 -3.25119e-006
30 33 -2.17734e-005 -5.35297e-006
31 33 -2.1605e-005 -7.43943e-006
32 33 -2.13814e-005 -9.5031e-006
33 33 -2.10972e-005 -1.15352e-005
34 33 -2.07463e-005 -1.35254e-005
35 33 -2.0322e-005 -1.54612e-005
36 33 -1.98169e-005 -1.73276e-005
37 33 -1.92237e-005 -1.91071e-005
38 33 -1.85353e-005 -2.07789e-005
39 33 -1.77454e-005 -2.23186e-005
40 33 -1.68488e-005 -2.36983e-005
41 33 -1.58429e-005 -2.48865e-005
42 33 -1.47275e-005 -2.58476e-005
43 33 -1.35063e-005 -2.65428e-005
44 33 -1.21875e-005 -2.69302e-005
45 33 -1.07852e-005 -2.69657e-005
46 33 -9.31925e-006 -2.66042e-005
47 33 -7.81692e-006 -2.58014e-005
48 33 -6.31264e-006 -2.45149e-005
49 33 -4.84822e-006 -2.27075e-005
50 33 -3.47239e-006 -2.03486e-005
51 33 -2.23983e-006 -1.74173e-005
52 33 -1.20972e-006 -1.39046e-005
53 33 -4.43737e-007 -9.81506e-006
54 33 0 -5.16853e-006
0 34 0 0
1 34 -5.25038e-007 5.55292e-006
2 34 -1.35216e-006 1.05124e-005
3 34 -2.45005e-006 1.48468e-005
4 34 -3.7493e-006 1.85376e-005
5 34 -5.18405e-006 2.15838e-005
6 34 -6.69424e-006 2.40006e-005
7 34 -8.22738e-006 2.58165e-005
8 34 -9.73942e-006 2.70703e-005
9 34 -1.11952e-005 2.78083e-005
10 34 -1.25682e-005 2.8081e-005
11 34 -1.38398e-005 2.79408e-005
12 34 -1.49985e-005 2.74395e-005
13 34 -1.6039e-005 2.66269e-005
14 34 -1.69604e-005 2.55495e-005
15 34 -1.77661e-005 2.42496e-005
16 34 -1.8462e-005 2.27652e-005
17 34 -1.90558e-005 2.11295e-005
18 34 -1.95565e-005 1.93714e-005
19 34 -1.99733e-005 1.75154e-005
20 34 -2.03158e-005 1.55821e-005
21 34 -2.05927e-005 1.35885e-005
22 34 -2.08123e-005 1.15487e-005
23 34 -2.09817e-005 9.47403e-006
24 34 -2.11071e-005 7.37371e-006
25 34 -2.11931e-005 5.25518e-006
26 34 -2.12433e-005 3.12451e-006
27 34 -2.12598e-005 9.86844e-007
28 34 -2.12432e-005 -1.15323e-006
29 34 -2.11928e-005 -3.29131e-006
30 34 -2.11065e-005 -5.4228e-006
31 34 -2.09806e-005 -7.54252e-006
32 34 -2.08104e-005 -9.64434e-006
33 34 -2.05896e-005 -1.17208e-005
34 34 -2.03111e-005 -1.37625e-005
35 34 -1.99666e-005 -1.57582e-005
36 34 -1.95472e-005 -1.76936e-005
37 34 -1.90434e-005 -1.95514e-005
38 34 -1.8446e-005 -2.13111e-005
39 34 -1.7746e-005 -2.29478e-005
40 34 -1.69357e-005 -2.44326e-005
41 34 -1.60091e-005 -2.5732e-005
42 34 -1.49633e-005 -2.68078e-005
43 34 -1.3799e-005 -2.76174e-005
44 34 -1.25219e-005 -2.81141e-005
45 34 -1.11437e-005 -2.82479e-005
46 34 -9.68317e-006 -2.79668e-005
47 34 -8.16727e-006 -2.72183e-005
48 34 -6.63149e-006 -2.59517e-005
49 34 -5.12022e-006 -2.41208e-005
50 34 -3.68634e-006 -2.16869e-005
51 34 -2.3902e-006 -1.86215e-005
52 34 -1.29798e-006 -1.49099e-005
53 34 -4.79216e-007 -1.05533e-005
54 34 0 -5.57085e-006
0 35 0 0
1 35 -5.70353e-007 5.98176e-006
2 35 -1.45542e-006 1.12936e-005
3 35 -2.61978e-006 1.59022e-005
4 35 -3.98476e-006 1.979e-005
5 35 -5.47646e-006 2.29608e-005
6 35 -7.02853e-006 2.54372e-005
7 35 -8.58409e-006 2.72571e-005
8 35 -1.00968e-005 2.84696e-005
9 35 -1.15308e-005 2.91316e-005
10 35 -1.28606e-005 2.93036e-005
11 35 -1.40696e-005 2.90469e-005
12 35 -1.51494e-005 2.84212e-005
13 35 -1.60978e-005 2.74825e-005
14 35 -1.69178e-005 2.62823e-005
15 35 -1.76161e-005 2.48667e-005
16 35 -1.8202e-005 2.32762e-005
17 35 -1.86865e-005 2.15454e-005
18 35 -1.90811e-005 1.9704e-005
19 35 -1.93976e-005 1.77765e-005
20 35 -1.96475e-005 1.57831e-005
21 35 -1.98412e-005 1.374e-005
22 35 -1.99884e-005 1.16603e-005
23 35 -2.00973e-005 9.55407e-006
24 35 -2.01749e-005 7.42904e-006
25 35 -2.02264e-005 5.29119e-006
26 35 -2.02559e-005 3.14509e-006
27 35 -2.02657e-005 9.94331e-007
28 35 -2.02564e-005 -1.15809e-006
29 35 -2.02273e-005 -3.30935e-006
30 35 -2.0176e-005 -5.45643e-006
31 35 -2.00985e-005 -7.5957e-006
32 35 -1.99893e-005 -9.72258e-006
33 35 -1.98414e-005 -1.1831e-005
34 35 -1.96464e-005 -1.39132e-005
35 35 -1.93949e-005 -1.59589e-005
36 35 -1.9076e-005 -1.79549e-005
37 35 -1.86785e-005 -1.9885e-005
38 35 -1.81905e-005 -2.17288e-005
39 35 -1.76003e-005 -2.34615e-005
40 35 -1.68971e-005 -2.50534e-005
41 35 -1.60716e-005 -2.64693e-005
42 35 -1.51173e-005 -2.76687e-005
43 35 -1.40313e-005 -2.86052e-005
44 35 -1.28158e-005 -2.92271e-005
45 35 -1.14798e-005 -2.9478e-005
46 35 -1.004e-005 -2.9298e-005
47 35 -8.52231e-006 -2.86256e-005
48 35 -6.96298e-006 -2.74002e-005
49 35 -5.4088e-006 -2.55649e-005
50 35 -3.91708e-006 -2.30706e-005
51 35 -2.55456e-006 -1.98796e-005
52 35 -1.39548e-006 -1.59696e-005
53 35 -5.18748e-007 -1.13374e-005
54 35 0 -6.00077e-006
0 36 0 0
1 36 -6.21222e-007 6.44131e-006
2 36 -1.57028e-006 1.21249e-005
3 36 -2.80633e-006 1.70152e-005
4 36 -4.23965e-006 2.10967e-005
5 36 -5.78699e-006 2.43798e-005
6 36 -7.37497e-006 2.68966e-005
7 36 -8.94222e-006 2.86968e-005
8 36 -1.04403e-005 2.98426e-005
9 36 -1.18335e-005 3.04032e-005
10 36 -1.30981e-005 3.0451e-005
11 36 -1.42208e-005 3.00574e-005
12 36 -1.51967e-005 2.92906e-005
13 36 -1.60282e-005 2.82136e-005
14 36 -1.67224e-005 2.68826e-005
15 36 -1.72902e-005 2.53474e-005
16 36 -1.77447e-005 2.36504e-005
17 36 -1.81002e-005 2.18277e-005
18 36 -1.83712e-005 1.99089e-005
19 36 -1.85721e-005 1.79183e-005
20 36 -1.8716e-005 1.58752e-005
21 36 -1.88153e-005 1.37947e-005
22 36 -1.88809e-005 1.16883e-005
23 36 -1.89218e-005 9.56463e-006
24 36 -1.89459e-005 7.42976e-006
25 36 -1.8959e-005 5.28801e-006
26 36 -1.89655e-005 3.14224e-006
27 36 -1.89677e-005 9.94331e-007
28 36 -1.89666e-005 -1.15443e-006
29 36 -1.89612e-005 -3.30292e-006
30 36 -1.8949e-005 -5.44984e-006
31 36 -1.89255e-005 -7.59327e-006
32 36 -1.88848e-005 -9.73032e-006
33 36 -1.88191e-005 -1.18567e-005
34 36 -1.8719e-005 -1.3966e-005
35 36 -1.85738e-005 -1.60498e-005
36 36 -1.8371e-005 -1.80963e-005
37 36 -1.80972e-005 -2.00902e-005
38 36 -1.77382e-005 -2.20122e-005
39 36 -1.72793e-005 -2.38378e-005
40 36 -1.67064e-005 -2.55371e-005
41 36 -1.60064e-005 -2.70737e-005
42 36 -1.51684e-005 -2.84049e-005
43 36 -1.41854e-005 -2.94808e-005
44 36 -1.30554e-005 -3.02445e-005
45 36 -1.17835e-005 -3.06331e-005
46 36 -1.03832e-005 -3.05779e-005
47 36 -8.87888e-006 -3.00072e-005
48 36 -7.30658e-006 -2.88485e-005
49 36 -5.71525e-006 -2.70325e-005
50 36 -4.16681e-006 -2.44971e-005
51 36 -2.73514e-006 -2.11927e-005
52 36 -1.5039e-006 -1.70875e-005
53 36 -5.63101e-007 -1.21718e-005
54 36 0 -6.46155e-006
0 37 0 0
1 37 -6.78717e-007 6.93555e-006
2 37 -1.69888e-006 1.30114e-005
3 37 -3.01245e-006 1.81898e-005
4 37 -4.51644e-006 2.24585e-005
5 37 -6.11674e-006 2.58365e-005
6 37 -7.73218e-006 2.83688e-005
7 37 -9.29687e-006 3.01203e-005
8 37 -1.07609e-005 3.11688e-005
9 37 -1.20898e-005 3.15987e-005
10 37 -1.32629e-005 3.14959e-005
11 37 -1.4271e-005 3.09435e-005
12 37 -1.51145e-005 3.00188e-005
13 37 -1.58009e-005 2.87916e-005
14 37 -1.63424e-005 2.73233e-005
15 37 -1.67547e-005 2.56664e-005
16 37 -1.7055e-005 2.38651e-005
17 37 -1.72611e-005 2.19559e-005
18 37 -1.73906e-005 1.99683e-005
19 37 -1.74602e-005 1.79255e-005
20 37 -1.74851e-005 1.58454e-005
21 37 -1.7479e-005 1.37416e-005
22 37 -1.74539e-005 1.16238e-005
23 37 -1.74199e-005 9.49869e-006
24 37 -1.73852e-005 7.37061e-006
25 37 -1.73562e-005 5.24197e-006
26 37 -1.73374e-005 3.1138e-006
27 37 -1.73315e-005 9.86139e-007
28 37 -1.73393e-005 -1.14151e-006
29 37 -1.73598e-005 -3.26983e-006
30 37 -1.73903e-005 -5.39932e-006
31 37 -1.74263e-005 -7.52989e-006
32 37 -1.74612e-005 -9.6605e-006
33 37 -1.74866e-005 -1.17887e-005
34 37 -1.74925e-005 -1.391e-005
35 37 -1.74667e-005 -1.60177e-005
36 37 -1.73956e-005 -1.81019e-005
37 37 -1.72636e-005 -2.01489e-005
38 37 -1.70541e-005 -2.21407e-005
39 37 -1.67495e-005 -2.40538e-005
40 37 -1.63319e-005 -2.58584e-005
41 37 -1.57841e-005 -2.75179e-005
42 37 -1.50907e-005 -2.89877e-005
43 37 -1.42393e-005 -3.02149e-005
44 37 -1.32229e-005 -3.11377e-005
45 37 -1.20413e-005 -3.1686e-005
46 37 -1.0704e-005 -3.17821e-005
47 37 -9.2322e-006 -3.13426e-005
48 37 -7.66092e-006 -3.02814e-005
49 37 -6.04068e-006 -2.85139e-005
50 37 -4.438e-006 -2.59621e-005
51 37 -2.93465e-006 -2.25617e-005
52 37 -1.62528e-006 -1.82677e-005
53 37 -6.1324e-007 -1.30619e-005
54 37 0 -6.95717e-006
0 38 0 0
1 38 -7.44199e-007 7.46937e-006
2 38 -1.84391e-006 1.39596e-005
3 38 -3.24146e-006 1.94305e-005
4 38 -4.81785e-006 2.38751e-005
5 38 -6.46634e-006 2.73245e-005
6 38 -8.09732e-006 2.98406e-005
7 38 -9.64069e-006 3.15075e-005
8 38 -1.10462e-005 3.24224e-005
9 38 -1.22818e-005 3.26881e-005
10 38 -1.33315e-005 3.2406e-005
11 38 -1.41922e-005 3.16718e-005
12 38 -1.48707e-005 3.05727e-005
13 38 -1.53806e-005 2.91851e-005
14 38 -1.57402e-005 2.75748e-005
15 38 -1.59703e-005 2.57968e-005
16 38 -1.60926e-005 2.38963e-005
17 38 -1.61286e-005 2.19093e-005
18 38 -1.60987e-005 1.98643e-005
19 38 -1.6022e-005 1.77829e-005
20 38 -1.59153e-005 1.56812e-005
21 38 -1.57936e-005 1.35705e-005
22 38 -1.56697e-005 1.14586e-005
23 38 -1.55544e-005 9.34997e-006
24 38 -1.54563e-005 7.24693e-006
25 38 -1.53819e-005 5.14987e-006
26 38 -1.5336e-005 3.05789e-006
27 38 -1.53213e-005 9.6915e-007
28 38 -1.53386e-005 -1.1187e-006
29 38 -1.5387e-005 -3.20817e-006
30 38 -1.54636e-005 -5.30163e-006
31 38 -1.55637e-005 -7.40088e-006
32 38 -1.56805e-005 -9.50679e-006
33 38 -1.58054e-005 -1.16189e-005
34 38 -1.59274e-005 -1.37349e-005
35 38 -1.60338e-005 -1.58501e-005
36 38 -1.61094e-005 -1.79567e-005
37 38 -1.61371e-005 -2.00432e-005
38 38 -1.6098e-005 -2.20934e-005
39 38 -1.59714e-005 -2.40853e-005
40 38 -1.57359e-005 -2.59905e-005
41 38 -1.53698e-005 -2.77723e-005
42 38 -1.48523e-005 -2.93854e-005
43 38 -1.41652e-005 -3.07743e-005
44 38 -1.32951e-005 -3.1873e-005
45 38 -1.22355e-005 -3.26042e-005
46 38 -1.09899e-005 -3.28807e-005
47 38 -9.57499e-006 -3.26061e-005
48 38 -8.02325e-006 -3.16787e-005
49 38 -6.38574e-006 -2.99956e-005
50 38 -4.7333e-006 -2.74595e-005
51 38 -3.15631e-006 -2.39864e-005
52 38 -1.76218e-006 -1.95147e-005
53 38 -6.70394e-007 -1.40142e-005
54 38 0 -7.49257e-006
0 39 0 0
1 39 -8.19398e-007 8.04888e-006
2 39 -2.00868e-006 1.49769e-005
3 39 -3.49722e-006 2.07419e-005
4 39 -5.14659e-006 2.53449e-005
5 39 -6.83545e-006 2.8834e-005
6 39 -8.46527e-006 3.12934e-005
7 39 -9.96258e-006 3.2832e-005
8 39 -1.12783e-005 3.35712e-005
9 39 -1.23851e-005 3.3635e-005
10 39 -1.32738e-005 3.31427e-005
11 39 -1.3949e-005 3.22038e-005
12 39 -1.44255e-005 3.0915e-005
13 39 -1.47246e-005 2.93592e-005
14 39 -1.4871e-005 2.76058e-005
15 39 -1.48913e-005 2.57111e-005
16 39 -1.48116e-005 2.37201e-005
17 39 -1.46571e-005 2.16676e-005
18 39 -1.44509e-005 1.958e-005
19 39 -1.42139e-005 1.74768e-005
20 39 -1.39644e-005 1.53713e-005
21 39 -1.37182e-005 1.32727e-005
22 39 -1.34887e-005 1.11859e-005
23 39 -1.32869e-005 9.11335e-006
24 39 -1.31216e-005 7.05501e-006
25 39 -1.29993e-005 5.00921e-006
26 39 -1.29248e-005 2.97308e-006
27 39 -1.29008e-005 9.42897e-007
28 39 -1.29281e-005 -1.08552e-006
29 39 -1.30058e-005 -3.11652e-006
30 39 -1.3131e-005 -5.15429e-006
31 39 -1.32991e-005 -7.2025e-006
32 39 -1.35031e-005 -9.26404e-006
33 39 -1.37343e-005 -1.13405e-005
34 39 -1.39816e-005 -1.34318e-005
35 39 -1.42314e-005 -1.55357e-005
36 39 -1.44678e-005 -1.76467e-005
37 39 -1.46723e-005 -1.9756e-005
38 39 -1.4824e-005 -2.18498e-005
39 39 -1.48996e-005 -2.39084e-005
40 39 -1.48739e-005 -2.59054e-005
41 39 -1.47207e-005 -2.78054e-005
42 39 -1.44135e-005 -2.95631e-005
43 39 -1.39275e-005 -3.11218e-005
44 39 -1.32418e-005 -3.24117e-005
45 39 -1.23418e-005 -3.33492e-005
46 39 -1.12234e-005 -3.38371e-005
47 39 -9.89628e-006 -3.37654e-005
48 39 -8.38854e-006 -3.30144e-005
49 39 -6.75011e-006 -3.14595e-005
50 39 -5.0554e-006 -2.89794e-005
51 39 -3.4039e-006 -2.54653e-005
52 39 -1.91778e-006 -2.08333e-005
53 39 -7.36129e-007 -1.50361e-005
54 39 0 -8.07388e-006
0 40 0 0
1 40 -9.06549e-007 8.68174e-006
2 40 -2.1973e-006 1.60723e-005
3 40 -3.78419e-006 2.21286e-005
4 40 -5.50507e-006 2.6864e-005
5 40 -7.22192e-006 3.03503e-005
6 40 -8.82731e-006 3.27021e-005
7 40 -1.02459e-005 3.40598e-005
8 40 -1.14324e-005 3.45744e-005
9 40 -1.2367e-005 3.43951e-005
10 40 -1.30501e-005 3.36609e-005
11 40 -1.34963e-005 3.24954e-005
12 40 -1.37301e-005 3.10047e-005
13 40 -1.37814e-005 2.92771e-005
14 40 -1.36823e-005 2.73839e-005
15 40 -1.34649e-005 2.53815e-005
16 40 -1.31601e-005 2.33134e-005
17 40 -1.27962e-005 2.12118e-005
18 40 -1.23984e-005 1.91004e-005
19 40 -1.19892e-005 1.69953e-005
20 40 -1.15877e-005 1.49069e-005
21 40 -1.12101e-005 1.28413e-005
22 40 -1.08699e-005 1.08009e-005
23 40 -1.05779e-005 8.78533e-006
24 40 -1.03429e-005 6.79245e-006
25 40 -1.01711e-005 4.81845e-006
26 40 -1.00672e-005 2.85851e-006
27 40 -1.00336e-005 9.07096e-007
28 40 -1.00712e-005 -1.04173e-006
29 40 -1.01791e-005 -2.99403e-006
30 40 -1.03546e-005 -4.95574e-006
31 40 -1.05931e-005 -6.93237e-006
32 40 -1.0888e-005 -8.92873e-006
33 40 -1.12307e-005 -1.09485e-005
34 40 -1.16101e-005 -1.29941e-005
35 40 -1.20125e-005 -1.50654e-005
36 40 -1.24217e-005 -1.71602e-005
37 40 -1.28184e-005 -1.92722e-005
38 40 -1.318e-005 -2.13909e-005
39 40 -1.3481e-005 -2.34998e-005
40 40 -1.36931e-005 -2.55753e-005
41 40 -1.37853e-005 -2.75845e-005
42 40 -1.37255e-005 -2.94837e-005
43 40 -1.34815e-005 -3.12161e-005
44 40 -1.30236e-005 -3.27096e-005
45 40 -1.23278e-005 -3.38755e-005
46 40 -1.13797e-005 -3.4607e-005
47 40 -1.01796e-005 -3.47798e-005
48 40 -8.74817e-006 -3.42541e-005
49 40 -7.1317e-006 -3.28804e-005
50 40 -5.40669e-006 -3.05074e-005
51 40 -3.68176e-006 -2.69947e-005
52 40 -2.09603e-006 -2.22282e-005
53 40 -8.12473e-007 -1.6137e-005
54 40 0 -8.70877e-006
0 41 0 0
1 41 -1.00855e-006 9.37762e-006
2 41 -2.41491e-006 1.72565e-005
3 41 -4.10731e-006 2.35944e-005
4 41 -5.89472e-006 2.84243e-005
5 41 -7.62043e-006 3.18518e-005
6 41 -9.16893e-006 3.40321e-005
7 41 -1.04659e-005 3.51463e-005
8 41 -1.14735e-005 3.53812e-005
9 41 -1.21834e-005 3.49151e-005
10 41 -1.26088e-005 3.39079e-005
11 41 -1.2777e-005 3.24974e-005
12 41 -1.2724e-005 3.07976e-005
13 41 -1.24891e-005 2.89001e-005
14 41 -1.2112e-005 2.68767e-005
15 41 -1.16305e-005 2.47817e-005
16 41 -1.10795e-005 2.26553e-005
17 41 -1.04897e-005 2.0526e-005
18 41 -9.88821e-006 1.84134e-005
19 41 -9.29795e-006 1.63298e-005
20 41 -8.73826e-006 1.4282e-005
21 41 -8.22515e-006 1.22725e-005
22 41 -7.77162e-006 1.0301e-005
23 41 -7.38805e-006 8.36453e-006
24 41 -7.08246e-006 6.45855e-006
25 41 -6.86081e-006 4.57728e-006
26 41 -6.7272e-006 2.71406e-006
27 41 -6.68401e-006 8.61703e-007
28 41 -6.73199e-006 -9.87317e-007
29 41 -6.87029e-006 -2.84062e-006
30 41 -7.09643e-006 -4.70571e-006
31 41 -7.4062e-006 -6.58979e-006
32 41 -7.79354e-006 -8.49949e-006
33 41 -8.25028e-006 -1.04406e-005
34 41 -8.76592e-006 -1.24176e-005
35 41 -9.32731e-006 -1.44334e-005
36 41 -9.91829e-006 -1.64883e-005
37 41 -1.05193e-005 -1.85796e-005
38 41 -1.11073e-005 -2.07005e-005
39 41 -1.1655e-005 -2.28384e-005
40 41 -1.21315e-005 -2.49735e-005
41 41 -1.25017e-005 -2.7077e-005
42 41 -1.27278e-005 -2.91083e-005
43 41 -1.27701e-005 -3.10125e-005
44 41 -1.25892e-005 -3.27173e-005
45 41 -1.21495e-005 -3.41303e-005
46 41 -1.14241e-005 -3.51368e-005
47 41 -1.04004e-005 -3.55981e-005
48 41 -9.08779e-006 -3.53534e-005
49 41 -7.52528e-006 -3.42238e-005
50 41 -5.78857e-006 -3.2022e-005
51 41 -3.9947e-006 -2.85668e-005
52 41 -2.30181e-006 -2.37035e-005
53 41 -9.0206e-007 -1.73274e-005
54 41 0 -9.40697e-006
0 42 0 0
1 42 -1.12921e-006 1.01489e-005
2 42 -2.66777e-006 1.85419e-005
3 42 -4.47169e-006 2.51415e-005
4 42 -6.31476e-006 3.00116e-005
5 42 -8.02012e-006 3.33064e-005
6 42 -9.4666e-006 3.52361e-005
7 42 -1.05856e-005 3.60334e-005
8 42 -1.13522e-005 3.59283e-005
9 42 -1.17746e-005 3.51312e-005
10 42 -1.18826e-005 3.38237e-005
11 42 -1.17191e-005 3.21558e-005
12 42 -1.13329e-005 3.02473e-005
13 42 -1.07735e-005 2.81903e-005
14 42 -1.00878e-005 2.60541e-005
15 42 -9.31882e-006 2.38887e-005
16 42 -8.50433e-006 2.17291e-005
17 42 -7.67684e-006 1.95986e-005
18 42 -6.8638e-006 1.75118e-005
19 42 -6.08797e-006 1.54762e-005
20 42 -5.36797e-006 1.34946e-005
21 42 -4.71885e-006 1.15661e-005
22 42 -4.15256e-006 9.68711e-006
23 42 -3.67842e-006 7.8522e-006
24 42 -3.30352e-006 6.05467e-006
25 42 -3.03305e-006 4.28685e-006
26 42 -2.87053e-006 2.54049e-006
27 42 -2.81798e-006 8.06956e-007
28 42 -2.87602e-006 -9.22607e-007
29 42 -3.04395e-006 -2.65712e-006
30 42 -3.31963e-006 -4.40543e-006
31 42 -3.69945e-006 -6.17618e-006
32 42 -4.17812e-006 -7.97763e-006
33 42 -4.74841e-006 -9.81741e-006
34 42 -5.40086e-006 -1.17023e-005
35 42 -6.12337e-006 -1.36376e-005
36 42 -6.90072e-006 -1.56268e-005
37 42 -7.7141e-006 -1.76709e-005
38 42 -8.54052e-006 -1.97669e-005
39 42 -9.35231e-006 -2.19071e-005
40 42 -1.01167e-005 -2.40768e-005
41 42 -1.07958e-005 -2.62524e-005
42 42 -1.13464e-005 -2.83985e-005
43 42 -1.17214e-005 -3.04644e-005
44 42 -1.18712e-005 -3.23803e-005
45 42 -1.17473e-005 -3.40532e-005
46 42 -1.13074e-005 -3.53625e-005
47 42 -1.0522e-005 -3.61571e-005
48 42 -9.38413e-006 -3.62542e-005
49 42 -7.92012e-006 -3.54425e-005
50 42 -6.20027e-006 -3.34913e-005
51 42 -4.3477e-006 -3.01675e-005
52 42 -2.54114e-006 -2.52615e-005
53 42 -1.00835e-006 -1.862e-005
54 42 0 -1.01809e-005
0 43 0 0
1 43 -1.27356e-006 1.10114e-005
2 43 -2.96349e-006 1.99424e-005
3 43 -4.88179e-006 2.6768e-005
4 43 -6.75988e-006 3.16012e-005
5 43 -8.40077e-006 3.46669e-005
6 43 -9.6827e-006 3.62491e-005
7 43 -1.05502e-005 3.6646e-005
8 43 -1.09991e-005 3.61378e-005
9 43 -1.10599e-005 3.49691e-005
10 43 -1.0784e-005 3.33414e-005
11 43 -1.0232e-005 3.1414e-005
12 43 -9.46647e-006 2.9308e-005
13 43 -8.54677e-006 2.71124e-005
14 43 -7.52644e-006 2.48903e-005
15 43 -6.45207e-006 2.26849e-005
16 43 -5.36307e-006 2.05241e-005
17 43 -4.29212e-006 1.84244e-005
18 43 -3.26584e-006 1.63942e-005
19 43 -2.30558e-006 1.44361e-005
20 43 -1.42828e-006 1.25483e-005
21 43 -6.47189e-007 1.07264e-005
22 43 2.74753e-008 8.96386e-006
23 43 5.87953e-007 7.25282e-006
24 43 1.02849e-006 5.58464e-006
25 43 1.34497e-006 3.95009e-006
26 43 1.53466e-006 2.3396e-006
27 43 1.596e-006 7.43433e-007
28 43 1.52852e-006 -8.48289e-007
29 43 1.33277e-006 -2.44546e-006
30 43 1.0104e-006 -4.05793e-006
31 43 5.64244e-007 -5.69549e-006
32 43 -1.49196e-009 -7.36769e-006
33 43 -6.8093e-007 -9.08377e-006
34 43 -1.46617e-006 -1.08524e-005
35 43 -2.34684e-006 -1.26814e-005
36 43 -3.3095e-006 -1.45773e-005
37 43 -4.33701e-006 -1.65445e-005
38 43 -5.40776e-006 -1.85847e-005
39 43 -6.49488e-006 -2.06952e-005
40 43 -7.5654e-006 -2.28675e-005
41 43 -8.57961e-006 -2.50847e-005
42 43 -9.49065e-006 -2.73186e-005
43 43 -1.02447e-005 -2.95254e-005
44 43 -1.07824e-005 -3.16415e-005
45 43 -1.10411e-005 -3.35768e-005
46 43 -1.09605e-005 -3.52093e-005
47 43 -1.04899e-005 -3.63784e-005
48 43 -9.59987e-006 -3.6881e-005
49 43 -8.29622e-006 -3.64714e-005
50 43 -6.63653e-006 -3.48681e-005
51 43 -4.74503e-006 -3.17725e-005
52 43 -2.82127e-006 -2.69006e-005
53 43 -1.13593e-006 -2.00288e-005
54 43 0 -1.10463e-005
0 44 0 0
1 44 -1.44833e-006 1.19856e-005
2 44 -3.31094e-006 2.14729e-005
3 44 -5.33964e-006 2.84643e-005
4 44 -7.21611e-006 3.31519e-005
5 44 -8.72638e-006 3.58635e-005
6 44 -9.75765e-006 3.69825e-005
7 44 -1.0279e-005 3.68878e-005
8 44 -1.03168e-005 3.59156e-005
9 44 -9.93166e-006 3.43438e-005
10 44 -9.20024e-006 3.23896e-005
11 44 -8.20282e-006 3.02154e-005
12 44 -7.01554e-006 2.79379e-005
13 44 -5.70627e-006 2.56376e-005
14 44 -4.33309e-006 2.3368e-005
15 44 -2.94413e-006 2.11621e-005
16 44 -1.57835e-006 1.90388e-005
17 44 -2.66717e-007 1.70067e-005
18 44 9.66602e-007 1.50675e-005
19 44 2.10299e-006 1.32182e-005
20 44 3.1283e-006 1.14528e-005
21 44 4.03194e-006 9.7633e-006
22 44 4.80608e-006 8.14049e-006
23 44 5.44503e-006 6.57451e-006
24 44 5.94475e-006 5.05511e-006
25 44 6.30248e-006 3.57189e-006
26 44 6.51642e-006 2.11438e-006
27 44 6.5856e-006 6.72084e-007
28 44 6.50972e-006 -7.65469e-007
29 44 6.28916e-006 -2.20875e-006
30 44 5.92495e-006 -3.66826e-006
31 44 5.41897e-006 -5.15448e-006
32 44 4.77408e-006 -6.67791e-006
33 44 3.99443e-006 -8.24899e-006
34 44 3.08584e-006 -9.87798e-006
35 44 2.0563e-006 -1.15748e-005
36 44 9.16573e-007 -1.33486e-005
37 44 -3.18961e-007 -1.52074e-005
38 44 -1.63143e-006 -1.71572e-005
39 44 -2.99634e-006 -1.9201e-005
40 44 -4.3824e-006 -2.13369e-005
41 44 -5.75027e-006 -2.35561e-005
42 44 -7.05142e-006 -2.58394e-005
43 44 -8.22743e-006 -2.81533e-005
44 44 -9.21009e-006 -3.04437e-005
45 44 -9.92316e-006 -3.26291e-005
46 44 -1.02865e-005 -3.45916e-005
47 44 -1.02239e-005 -3.61673e-005
48 44 -9.67589e-006 -3.71373e-005
49 44 -8.61795e-006 -3.72218e-005
50 44 -7.08352e-006 -3.60829e-005
51 44 -5.1886e-006 -3.33407e-005
52 44 -3.15061e-006 -2.86115e-005
53 44 -1.29088e-006 -2.15689e-005
54 44 0 -1.20238e-005
0 45 0 0
1 45 -1.66248e-006 1.30981e-005
2 45 -3.71956e-006 2.31468e-005
3 45 -5.84109e-006 3.02058e-005
4 45 -7.65322e-006 3.45957e-005
5 45 -8.9346e-006 3.67941e-005
6 45 -9.59789e-006 3.73167e-005
7 45 -9.65321e-006 3.66377e-005
8 45 -9.17003e-006 3.51514e-005
9 45 -8.24638e-006 3.31632e-005
10 45 -6.98749e-006 3.08971e-005
11 45 -5.49303e-006 2.85093e-005
12 45 -3.85072e-006 2.61046e-005
13 45 -2.13397e-006 2.37491e-005
14 45 -4.02111e-007 2.14822e-005
15 45 1.29821e-006 1.93244e-005
16 45 2.93117e-006 1.72837e-005
17 45 4.46981e-006 1.53601e-005
18 45 5.89418e-006 1.35484e-005
19 45 7.18984e-006 1.18401e-005
20 45 8.34652e-006 1.02253e-005
21 45 9.35711e-006 8.69281e-006
22 45 1.02168e-005 7.23134e-006
23 45 1.09223e-005 5.82944e-006
24 45 1.14717e-005 4.47581e-006
25 45 1.18638e-005 3.15932e-006
26 45 1.20978e-005 1.86905e-006
27 45 1.21735e-005 5.94267e-007
28 45 1.20907e-005 -6.75693e-007
29 45 1.18496e-005 -1.95144e-006
30 45 1.14506e-005 -3.24364e-006
31 45 1.08943e-005 -4.56306e-006
32 45 1.01823e-005 -5.92065e-006
33 45 9.31646e-006 -7.32756e-006
34 45 8.30017e-006 -8.79515e-006
35 45 7.13839e-006 -1.03349e-005
36 45 5.83844e-006 -1.19582e-005
37 45 4.41081e-006 -1.36762e-005
38 45 2.87021e-006 -1.54989e-005
39 45 1.23691e-006 -1.74348e-005
40 45 -4.61731e-007 -1.94889e-005
41 45 -2.18942e-006 -2.16613e-005
42 45 -3.89904e-006 -2.39437e-005
43 45 -5.5307e-006 -2.6315e-005
44 45 -7.01049e-006 -2.87355e-005
45 45 -8.25032e-006 -3.1138e-005
46 45 -9.15036e-006 -3.34165e-005
47 45 -9.60568e-006 -3.54129e-005
48 45 -9.51925e-006 -3.69013e-005
49 45 -8.82348e-006 -3.75737e-005
50 45 -7.5113e-006 -3.70335e-005
51 45 -5.67412e-006 -3.48043e-005
52 45 -3.53805e-006 -3.037e-005
53 45 -1.48134e-006 -2.32541e-005
54 45 0 -1.31398e-005
0 46 0 0
1 46 -1.92795e-006 1.43831e-005
2 46 -4.19729e-006 2.49714e-005
3 46 -6.3679e-006 3.19403e-005
4 46 -8.01095e-006 3.58215e-005
5 46 -8.91921e-006 3.73108e-005
6 46 -9.05778e-006 3.70928e-005
7 46 -8.5e-006 3.57479e-005
8 46 -7.37233e-006 3.37219e-005
9 46 -5.81612e-006 3.13341e-005
10 46 -3.96527e-006 2.88004e-005
11 46 -1.93565e-006 2.6259e-005
12 46 1.7825e-007 2.37931e-005
13 46 2.30248e-006 2.14484e-005
14 46 4.38108e-006 1.92463e-005
15 46 6.37286e-006 1.71929e-005
16 46 8.24832e-006 1.52846e-005
17 46 9.98691e-006 1.35127e-005
18 46 1.15748e-005 1.18652e-005
19 46 1.30031e-005 1.03292e-005
20 46 1.42663e-005 8.8912e-006
21 46 1.53615e-005 7.53783e-006
22 46 1.62872e-005 6.25625e-006
23 46 1.70432e-005 5.03411e-006
24 46 1.76297e-005 3.85966e-006
25 46 1.8047e-005 2.72163e-006
26 46 1.82957e-005 1.60917e-006
27 46 1.8376e-005 5.11753e-007
28 46 1.82882e-005 -5.80972e-007
29 46 1.80322e-005 -1.6793e-006
30 46 1.76076e-005 -2.79358e-006
31 46 1.7014e-005 -3.93439e-006
32 46 1.6251e-005 -5.11261e-006
33 46 1.53185e-005 -6.33954e-006
34 46 1.4217e-005 -7.62701e-006
35 46 1.29479e-005 -8.98743e-006
36 46 1.15144e-005 -1.04337e-005
37 46 9.92217e-006 -1.19794e-005
38 46 8.18039e-006 -1.36378e-005
39 46 6.30324e-006 -1.54222e-005
40 46 4.31168e-006 -1.73445e-005
41 46 2.23573e-006 -1.94134e-005
42 46 1.17197e-007 -2.16322e-005
43 46 -1.98726e-006 -2.39948e-005
44 46 -4.00297e-006 -2.64793e-005
45 46 -5.8347e-006 -2.90389e-005
46 46 -7.3661e-006 -3.15893e-005
47 46 -8.46314e-006 -3.39905e-005
48 46 -8.98512e-006 -3.6024e-005
49 46 -8.80742e-006 -3.73675e-005
50 46 -7.86012e-006 -3.75715e-005
51 46 -6.1833e-006 -3.60527e-005
52 46 -3.9908e-006 -3.21244e-005
53 46 -1.71801e-006 -2.5092e-005
54 46 0 -1.44284e-005
0 47 0 0
1 47 -2.26006e-006 1.5884e-005
2 47 -4.74454e-006 2.69358e-005
3 47 -6.87131e-006 3.35646e-005
4 47 -8.1739e-006 3.66515e-005
5 47 -8.50166e-006 3.72024e-005
6 47 -7.91286e-006 3.61069e-005
7 47 -6.57094e-006 3.40477e-005
8 47 -4.67123e-006 3.15008e-005
9 47 -2.39932e-006 2.8775e-005
10 47 8.75454e-008 2.60576e-005
11 47 2.66526e-006 2.34536e-005
12 47 5.24065e-006 2.10153e-005
13 47 7.74653e-006 1.87629e-005
14 47 1.01362e-005 1.66976e-005
15 47 1.23785e-005 1.481e-005
16 47 1.44535e-005 1.30857e-005
17 47 1.63496e-005 1.15079e-005
18 47 1.80605e-005 1.00595e-005
19 47 1.9584e-005 8.72371e-006
20 47 2.09202e-005 7.48486e-006
21 47 2.20706e-005 6.32833e-006
22 47 2.30376e-005 5.24063e-006
23 47 2.38236e-005 4.20931e-006
24 47 2.44312e-005 3.2228e-006
25 47 2.48624e-005 2.27029e-006
26 47 2.5119e-005 1.34154e-006
27 47 2.52019e-005 4.26723e-007
28 47 2.51115e-005 -4.83753e-007
29 47 2.48474e-005 -1.3994e-006
30 47 2.44087e-005 -2.32982e-006
31 47 2.37937e-005 -3.28488e-006
32 47 2.30004e-005 -4.27485e-006
33 47 2.20264e-005 -5.31061e-006
34 47 2.08691e-005 -6.40379e-006
35 47 1.95264e-005 -7.56692e-006
36 47 1.79969e-005 -8.81361e-006
37 47 1.62806e-005 -1.01586e-005
38 47 1.43801e-005 -1.16177e-005
39 47 1.23019e-005 -1.32077e-005
40 47 1.00582e-005 -1.4946e-005
41 47 7.66934e-006 -1.68494e-005
42 47 5.16723e-006 -1.89323e-005
43 47 2.59941e-006 -2.12041e-005
44 47 3.40493e-008 -2.36631e-005
45 47 -2.43461e-006 -2.62887e-005
46 47 -4.68144e-006 -2.90273e-005
47 47 -6.54846e-006 -3.17722e-005
48 47 -7.85011e-006 -3.43332e-005
49 47 -8.39244e-006 -3.63979e-005
50 47 -8.01558e-006 -3.74852e-005
51 47 -6.66763e-006 -3.69077e-005
52 47 -4.5084e-006 -3.3772e-005
53 47 -2.01445e-006 -2.7072e-005
54 47 0 -1.59328e-005
0 48 0 0
1 48 -2.6765e-006 1.76522e-005
2 48 -5.33857e-006 2.89842e-005
3 48 -7.23791e-006 3.48829e-005
4 48 -7.92633e-006 3.68051e-005
5 48 -7.38563e-006 3.61785e-005
6 48 -5.82238e-006 3.41122e-005
7 48 -3.5157e-006 3.13582e-005
8 48 -7.32861e-007 2.83797e-005
9 48 2.30564e-006 2.54381e-005
10 48 5.43311e-006 2.2667e-005
11 48 8.53102e-006 2.01237e-005
12 48 1.15193e-005 1.78226e-005
13 48 1.43465e-005 1.57554e-005
14 48 1.69819e-005 1.39035e-005
15 48 1.94087e-005 1.22436e-005
16 48 2.16197e-005 1.07522e-005
17 48 2.36138e-005 9.4067e-006
18 48 2.53936e-005 8.18645e-006
19 48 2.69641e-005 7.07285e-006
20 48 2.83309e-005 6.04933e-006
21 48 2.95003e-005 5.10119e-006
22 48 3.04781e-005 4.2153e-006
23 48 3.12697e-005 3.3799e-006
24 48 3.18797e-005 2.58432e-006
25 48 3.23116e-005 1.81879e-006
26 48 3.25682e-005 1.07415e-006
27 48 3.26511e-005 3.41727e-007
28 48 3.25608e-005 -3.86892e-007
29 48 3.22968e-005 -1.12004e-006
30 48 3.18574e-005 -1.86615e-006
31 48 3.12401e-005 -2.63394e-006
32 48 3.04412e-005 -3.43257e-006
33 48 2.9456e-005 -4.27191e-006
34 48 2.82795e-005 -5.1627e-006
35 48 2.69057e-005 -6.11679e-006
36 48 2.53285e-005 -7.14743e-006
37 48 2.35425e-005 -8.26945e-006
38 48 2.15428e-005 -9.4996e-006
39 48 1.93273e-005 -1.08566e-005
40 48 1.68973e-005 -1.23614e-005
41 48 1.42607e-005 -1.40367e-005
42 48 1.14348e-005 -1.59064e-005
43 48 8.4516e-006 -1.79935e-005
44 48 5.36353e-006 -2.03168e-005
45 48 2.25215e-006 -2.28843e-005
46 48 -7.6239e-007 -2.56807e-005
47 48 -3.51184e-006 -2.86472e-005
48 48 -5.77468e-006 -3.16475e-005
49 48 -7.28397e-006 -3.44156e-005
50 48 -7.76367e-006 -3.64825e-005
51 48 -7.01453e-006 -3.70885e-005
52 48 -5.06719e-006 -3.51174e-005
53 48 -2.38575e-006 -2.9139e-005
54 48 0 -1.77036e-005
0 49 0 0
1 49 -3.19038e-006 1.97372e-005
2 49 -5.89332e-006 3.09559e-005
3 49 -7.2187e-006 3.55352e-005
4 49 -6.87204e-006 3.58562e-005
5 49 -5.08791e-006 3.38642e-005
6 49 -2.28075e-006 3.08421e-005
7 49 1.14536e-006 2.75292e-005
8 49 4.8687e-006 2.43059e-005
9 49 8.65989e-006 2.13418e-005
10 49 1.23676e-005 1.86933e-005
11 49 1.58985e-005 1.63603e-005
12 49 1.91998e-005 1.43178e-005
13 49 2.22456e-005 1.25315e-005
14 49 2.50267e-005 1.09663e-005
15 49 2.75443e-005 9.58925e-006
16 49 2.98057e-005 8.37125e-006
17 49 3.18212e-005 7.28701e-006
18 49 3.36024e-005 6.31489e-006
19 49 3.5161e-005 5.43642e-006
20 49 3.65082e-005 4.63581e-006
21 49 3.76541e-005 3.8995e-006
22 49 3.86079e-005 3.21575e-006
23 49 3.93771e-005 2.57425e-006
24 49 3.99681e-005 1.96585e-006
25 49 4.03857e-005 1.38229e-006
26 49 4.06335e-005 8.15939e-007
27 49 4.07135e-005 2.59622e-007
28 49 4.06264e-005 -2.9358e-007
29 49 4.03715e-005 -8.50508e-007
30 49 3.99468e-005 -1.41809e-006
31 49 3.93486e-005 -2.00354e-006
32 49 3.85722e-005 -2.61452e-006
33 49 3.76113e-005 -3.25935e-006
34 49 3.64581e-005 -3.94727e-006
35 49 3.51037e-005 -4.68866e-006
36 49 3.35381e-005 -5.49541e-006
37 49 3.175e-005 -6.38122e-006
38 49 2.97281e-005 -7.36206e-006
39 49 2.74608e-005 -8.45661e-006
40 49 2.49384e-005 -9.68677e-006
41 49 2.21539e-005 -1.10781e-005
42 49 1.9107e-005 -1.266e-005
43 49 1.58075e-005 -1.44658e-005
44 49 1.2283e-005 -1.65307e-005
45 49 8.58792e-006 -1.88892e-005
46 49 4.81772e-006 -2.15659e-005
47 49 1.12632e-006 -2.456e-005
48 49 -2.25438e-006 -2.78128e-005
49 49 -5.0011e-006 -3.11503e-005
50 49 -6.7111e-006 -3.4185e-005
51 49 -6.97705e-006 -3.61669e-005
52 49 -5.5805e-006 -3.58008e-005
53 49 -2.84109e-006 -3.11329e-005
54 49 0 -1.97889e-005
0 50 0 0
1 50 -3.78115e-006 2.21427e-005
2 50 -6.15635e-006 3.24515e-005
3 50 -6.28343e-006 3.48843e-005
4 50 -4.29821e-006 3.32e-005
5 50 -8.41666e-007 2.98351e-005
6 50 3.43535e-006 2.60778e-005
7 50 8.0397e-006 2.25094e-005
8 50 1.26481e-005 1.9342e-005
9 50 1.70694e-005 1.66149e-005
10 50 2.12021e-005 1.42969e-005
11 50 2.50009e-005 1.23332e-005
12 50 2.84537e-005 1.06665e-005
13 50 3.15669e-005 9.24535e-006
14 50 3.43568e-005 8.0256e-006
15 50 3.68437e-005 6.97086e-006
16 50 3.90489e-005 6.05136e-006
17 50 4.09933e-005 5.24285e-006
18 50 4.26964e-005 4.52552e-006
19 50 4.41755e-005 3.88309e-006
20 50 4.54461e-005 3.3021e-006
21 50 4.65213e-005 2.77128e-006
22 50 4.74124e-005 2.2811e-006
23 50 4.81287e-005 1.82334e-006
24 50 4.86775e-005 1.39083e-006
25 50 4.90647e-005 9.77174e-007
26 50 4.92941e-005 5.76542e-007
27 50 4.93682e-005 1.83483e-007
28 50 4.92876e-005 -2.07236e-007
29 50 4.90517e-005 -6.00776e-007
30 50 4.86579e-005 -1.00238e-006
31 50 4.81024e-005 -1.41752e-006
32 50 4.73794e-005 -1.85207e-006
33 50 4.64814e-005 -2.31247e-006
34 50 4.53993e-005 -2.80597e-006
35 50 4.41217e-005 -3.34087e-006
36 50 4.26354e-005 -3.92681e-006
37 50 4.09253e-005 -4.57522e-006
38 50 3.89738e-005 -5.29972e-006
39 50 3.67618e-005 -6.11682e-006
40 50 3.42688e-005 -7.04659e-006
41 50 3.14736e-005 -8.11363e-006
42 50 2.83565e-005 -9.3481e-006
43 50 2.49023e-005 -1.07869e-005
44 50 2.11058e-005 -1.24745e-005
45 50 1.69809e-005 -1.4463e-005
46 50 1.25754e-005 -1.68101e-005
47 50 7.99453e-006 -1.95701e-005
48 50 3.43363e-006 -2.27734e-005
49 50 -7.79589e-007 -2.63771e-005
50 50 -4.14954e-006 -3.0162e-005
51 50 -6.02949e-006 -3.35335e-005
52 50 -5.79666e-006 -3.51836e-005
53 50 -3.35406e-006 -3.26554e-005
54 50 0 -2.21898e-005
0 51 0 0
1 51 -4.28464e-006 2.4665e-005
2 51 -5.44415e-006 3.25475e-005
3 51 -3.33102e-006 3.18828e-005
4 51 1.03684e-006 2.81012e-005
5 51 6.51558e-006 2.37548e-005
6 51 1.23012e-005 1.97939e-005
7 51 1.79309e-005 1.64636e-005
8 51 2.31763e-005 1.37459e-005
9 51 2.79473e-005 1.15462e-005
10 51 3.22278e-005 9.76179e-006
11 51 3.6038e-005 8.30397e-006
12 51 3.94136e-005 7.10166e-006
13 51 4.23951e-005 6.09971e-006
14 51 4.50224e-005 5.25571e-006
15 51 4.73321e-005 4.53708e-006
16 51 4.93569e-005 3.91864e-006
17 51 5.11254e-005 3.38073e-006
18 51 5.26621e-005 2.90788e-006
19 51 5.3988e-005 2.48774e-006
20 51 5.51206e-005 2.11034e-006
21 51 5.60748e-005 1.76753e-006
22 51 5.68627e-005 1.4525e-006
23 51 5.74941e-005 1.15951e-006
24 51 5.79768e-005 8.83588e-007
25 51 5.83168e-005 6.20364e-007
26 51 5.8518e-005 3.65882e-007
27 51 5.85829e-005 1.16469e-007
28 51 5.85123e-005 -1.31386e-007
29 51 5.83054e-005 -3.81143e-007
30 51 5.79597e-005 -6.36322e-007
31 51 5.7471e-005 -9.00615e-007
32 51 5.68336e-005 -1.17801e-006
33 51 5.60396e-005 -1.47291e-006
34 51 5.50791e-005 -1.79035e-006
35 51 5.394e-005 -2.13614e-006
36 51 5.26074e-005 -2.51718e-006
37 51 5.10638e-005 -2.94174e-006
38 51 4.92883e-005 -3.41995e-006
39 51 4.72563e-005 -3.96435e-006
40 51 4.49396e-005 -4.59066e-006
41 51 4.23057e-005 -5.31884e-006
42 51 3.93182e-005 -6.17451e-006
43 51 3.5938e-005 -7.19077e-006
44 51 3.21258e-005 -8.41065e-006
45 51 2.78474e-005 -9.89009e-006
46 51 2.30853e-005 -1.1701e-005
47 51 1.78595e-005 -1.39331e-005
48 51 1.22662e-005 -1.6689e-005
49 51 6.54143e-006 -2.00625e-005
50 51 1.15668e-006 -2.40661e-005
51 51 -3.07978e-006 -2.84418e-005
52 51 -5.03747e-006 -3.22125e-005
53 51 -3.75249e-006 -3.27838e-005
54 51 0 -2.46978e-005
0 52 0 0
1 52 -3.97847e-006 2.63031e-005
2 52 -1.97316e-006 2.92694e-005
3 52 3.84047e-006 2.50883e-005
4 52 1.11733e-005 2.00052e-005
5 52 1.86106e-005 1.57129e-005
6 52 2.55055e-005 1.24111e-005
7 52 3.16408e-005 9.92799e-006
8 52 3.69995e-005 8.05422e-006
9 52 4.1644e-005 6.62134e-006
10 52 4.56606e-005 5.50716e-006
11 52 4.9135e-005 4.62574e-006
12 52 5.21445e-005 3.91676e-006
13 52 5.4755e-005 3.33749e-006
14 52 5.70219e-005 2.85727e-006
15 52 5.89911e-005 2.45368e-006
16 52 6.07005e-005 2.11008e-006
17 52 6.21813e-005 1.81394e-006
18 52 6.34593e-005 1.5556e-006
19 52 6.45557e-005 1.32757e-006
20 52 6.54879e-005 1.12388e-006
21 52 6.62703e-005 9.39739e-007
22 52 6.69142e-005 7.71205e-007
23 52 6.74289e-005 6.14986e-007
24 52 6.78217e-005 4.68268e-007
25 52 6.80979e-005 3.28592e-007
26 52 6.82613e-005 1.93748e-007
27 52 6.83139e-005 6.16991e-008
28 52 6.82567e-005 -6.94978e-008
29 52 6.80887e-005 -2.01759e-007
30 52 6.78078e-005 -3.37034e-007
31 52 6.74102e-005 -4.77374e-007
32 52 6.68905e-005 -6.25005e-007
33 52 6.62415e-005 -7.82415e-007
34 52 6.54538e-005 -9.52456e-007
35 52 6.45161e-005 -1.13847e-006
36 52 6.34138e-005 -1.34445e-006
37 52 6.21297e-005 -1.57529e-006
38 52 6.06425e-005 -1.83705e-006
39 52 5.89264e-005 -2.13739e-006
40 52 5.69502e-005 -2.48611e-006
41 52 5.46762e-005 -2.89603e-006
42 52 5.20586e-005 -3.3841e-006
43 52 4.90424e-005 -3.97318e-006
44 52 4.55624e-005 -4.69456e-006
45 52 4.15425e-005 -5.59176e-006
46 52 3.68991e-005 -6.72621e-006
47 52 3.15496e-005 -8.18527e-006
48 52 2.54378e-005 -1.00928e-005
49 52 1.85912e-005 -1.26185e-005
50 52 1.12426e-005 -1.59712e-005
51 52 4.05873e-006 -2.03152e-005
52 52 -1.53684e-006 -2.54245e-005
53 52 -3.30704e-006 -2.95394e-005
54 52 0 -2.63054e-005
0 53 0 0
1 53 2.47403e-008 2.30478e-005
2 53 8.7323e-006 1.91254e-005
3 53 1.93149e-005 1.35052e-005
4 53 2.91032e-005 9.47982e-006
5 53 3.74008e-005 6.84899e-006
6 53 4.42435e-005 5.11944e-006
7 53 4.98612e-005 3.94582e-006
8 53 5.44943e-005 3.11987e-006
9 53 5.83449e-005 2.51827e-006
10 53 6.15717e-005 2.06656e-006
11 53 6.42963e-005 1.71833e-006
12 53 6.66123e-005 1.44366e-006
13 53 6.85914e-005 1.22264e-006
14 53 7.02893e-005 1.04162e-006
15 53 7.17499e-005 8.90969e-007
16 53 7.30075e-005 7.63745e-007
17 53 7.40897e-005 6.54823e-007
18 53 7.50185e-005 5.60347e-007
19 53 7.58116e-005 4.77352e-007
20 53 7.64834e-005 4.0352e-007
21 53 7.70453e-005 3.37006e-007
22 53 7.75067e-005 2.76306e-007
23 53 7.78747e-005 2.20177e-007
24 53 7.81551e-005 1.67562e-007
25 53 7.8352e-005 1.17545e-007
26 53 7.84684e-005 6.93045e-008
27 53 7.85059e-005 2.20877e-008
28 53 7.84651e-005 -2.4823e-008
29 53 7.83455e-005 -7.21345e-008
30 53 7.81452e-005 -1.20567e-007
31 53 7.78613e-005 -1.70882e-007
32 53 7.74897e-005 -2.23907e-007
33 53 7.70246e-005 -2.80572e-007
34 53 7.64588e-005 -3.41951e-007
35 53 7.57829e-005 -4.09312e-007
36 53 7.49853e-005 -4.84186e-007
37 53 7.40518e-005 -5.68463e-007
38 53 7.29646e-005 -6.6451e-007
39 53 7.17016e-005 -7.75363e-007
40 53 7.02352e-005 -9.04975e-007
41 53 6.85309e-005 -1.0586e-006
42 53 6.65451e-005 -1.24335e-006
43 53 6.42221e-005 -1.46912e-006
44 53 6.14903e-005 -1.7499e-006
45 53 5.82569e-005 -2.10614e-006
46 53 5.44012e-005 -2.56853e-006
47 53 4.97669e-005 -3.18463e-006
48 53 4.41566e-005 -4.03066e-006
49 53 3.73394e-005 -5.23245e-006
50 53 2.91047e-005 -7.00148e-006
51 53 1.94525e-005 -9.68507e-006
52 53 9.13644e-006 -1.37678e-005
53 53 8.54188e-007 -1.93907e-005
54 53 0 -2.30087e-005
0 54 0 0
1 54 1.92429e-005 0
2 54 3.69286e-005 0
3 54 4.94577e-005 0
4 54 5.82296e-005 0
5 54 6.45396e-005 0
6 54 6.92339e-005 0
7 54 7.28356e-005 0
8 54 7.56716e-005 0
9 54 7.79522e-005 0
10 54 7.98175e-005 0
11 54 8.13639e-005 0
12 54 8.26598e-005 0
13 54 8.37547e-005 0
14 54 8.46856e-005 0
15 54 8.54804e-005 0
16 54 8.61606e-005 0
17 54 8.6743e-005 0
18 54 8.72407e-005 0
19 54 8.76642e-005 0
20 54 8.80218e-005 0
21 54 8.83203e-005 0
22 54 8.85648e-005 0
23 54 8.87596e-005 0
24 54 8.89078e-005 0
25 54 8.90118e-005 0
26 54 8.90732e-005 0
27 54 8.9093e-005 0
28 54 8.90714e-005 0
29 54 8.90083e-005 0
30 54 8.89025e-005 0
31 54 8.87525e-005 0
32 54 8.85558e-005 0
33 54 8.83092e-005 0
34 54 8.80087e-005 0
35 54 8.76487e-005 0
36 54 8.72228e-005 0
37 54 8.67224e-005 0
38 54 8.61372e-005 0
39 54 8.54538e-005 0
40 54 8.46555e-005 0
41 54 8.37206e-005 0
42 54 8.26213e-005 0
43 54 8.13206e-005 0
44 54 7.97686e-005 0
45 54 7.78973e-005 0
46 54 7.56103e-005 0
47 54 7.27681e-005 0
48 54 6.91621e-005 0
49 54 6.44697e-005 0
50 54 5.81797e-005 0
51 54 4.94783e-005 0
52 54 3.71636e-005 0
53 54 2.01028e-005 0
54 54 0 0
